mco_min    mco_max    N
0.6079	0.7079	0
0.7079	0.8079	0
0.8079	0.9079	0
0.9079	1.0079	0
1.0079	1.1079	0
1.1079	1.2079	521
1.2079	1.3079	5244
1.3079	1.4079	10860
1.4079	1.5079	109019
1.5079	1.6079	259291
1.6079	1.7079	345873
1.7079	1.8079	364180
1.8079	1.9079	386408
1.9079	2.0079	78584
2.0079	2.1079	0
2.1079	2.2079	0
2.2079	2.3079	0
2.3079	2.4079	0
2.4079	2.5079	0
2.5079	2.6079	0
2.6079	2.7079	0
2.7079	2.8079	0
2.8079	2.9079	0
2.9079	3.0079	0
3.0079	3.1079	0
3.1079	3.2079	0
3.2079	3.3079	0
3.3079	3.4079	0
3.4079	3.5079	0
3.5079	3.6079	0
3.6079	3.7079	0
3.7079	3.8079	0
3.8079	3.9079	0
3.9079	4.0079	0
4.0079	4.1079	0
4.1079	4.2079	0
4.2079	4.3079	0
4.3079	4.4079	0
4.4079	4.5079	0
4.5079	4.6079	0
4.6079	4.7079	0
4.7079	4.8079	0
4.8079	4.9079	0
4.9079	5.0079	0
5.0079	5.1079	0
5.1079	5.2079	0
5.2079	5.3079	0
5.3079	5.4079	251
5.4079	5.5079	17596
5.5079	5.6079	75270
5.6079	5.7079	62231
5.7079	5.8079	50094
5.8079	5.9079	44126
5.9079	6.0079	38901
6.0079	6.1079	34748
6.1079	6.2079	29562
6.2079	6.3079	28053
6.3079	6.4079	23755
6.4079	6.5079	21619
6.5079	6.6079	19505
6.6079	6.7079	16668
6.7079	6.8079	14998
6.8079	6.9079	13661
6.9079	7.0079	12124
7.0079	7.1079	11071
7.1079	7.2079	10041
7.2079	7.3079	9459
7.3079	7.4079	70759
7.4079	7.5079	123616
7.5079	7.6079	117366
7.6079	7.7079	105261
7.7079	7.8079	97915
7.8079	7.9079	89644
7.9079	8.0079	84295
8.0079	8.1079	75565
8.1079	8.2079	71678
8.2079	8.3079	64583
8.3079	8.4079	59614
8.4079	8.5079	53815
8.5079	8.6079	8902
8.6079	8.7079	910
8.7079	8.8079	534
8.8079	8.9079	550
8.9079	9.0079	246
9.0079	9.1079	219
9.1079	9.2079	72
9.2079	9.3079	62
9.3079	9.4079	53
9.4079	9.5079	12
9.5079	9.6079	14
9.6079	9.7079	11
9.7079	9.8079	16
9.8079	9.9079	4
9.9079	10.0079	14
10.0079	10.1079	3
10.1079	10.2079	0
10.2079	10.3079	0
10.3079	10.4079	0
10.4079	10.5079	0
10.5079	10.6079	0
10.6079	10.7079	0
10.7079	10.8079	0
10.8079	10.9079	0
10.9079	11.0079	0
11.0079	11.1079	0
11.1079	11.2079	0
11.2079	11.3079	0
11.3079	11.4079	0
11.4079	11.5079	0
11.5079	11.6079	0
11.6079	11.7079	0
11.7079	11.8079	0
11.8079	11.9079	19
11.9079	12.0079	8
12.0079	12.1079	0
12.1079	12.2079	0
12.2079	12.3079	20
12.3079	12.4079	0
12.4079	12.5079	0
12.5079	12.6079	1
12.6079	12.7079	0
12.7079	12.8079	0
12.8079	12.9079	0
12.9079	13.0079	0
13.0079	13.1079	0
13.1079	13.2079	0
13.2079	13.3079	0
13.3079	13.4079	0
13.4079	13.5079	0
13.5079	13.6079	7
13.6079	13.7079	0
13.7079	13.8079	0
13.8079	13.9079	0
13.9079	14.0079	0
14.0079	14.1079	0
14.1079	14.2079	0
14.2079	14.3079	0
14.3079	14.4079	15
14.4079	14.5079	0
14.5079	14.6079	0
14.6079	14.7079	0
14.7079	14.8079	0
14.8079	14.9079	0
14.9079	15.0079	0
15.0079	15.1079	0
15.1079	15.2079	0
15.2079	15.3079	1
15.3079	15.4079	0
15.4079	15.5079	0
15.5079	15.6079	0
15.6079	15.7079	0
15.7079	15.8079	0
15.8079	15.9079	0
15.9079	16.0079	4
16.0079	16.1079	0
16.1079	16.2079	0
16.2079	16.3079	0
16.3079	16.4079	0
16.4079	16.5079	0
16.5079	16.6079	0
16.6079	16.7079	4
16.7079	16.8079	0
16.8079	16.9079	40
16.9079	17.0079	20
17.0079	17.1079	0
17.1079	17.2079	23
17.2079	17.3079	12
17.3079	17.4079	0
17.4079	17.5079	0
17.5079	17.6079	0
17.6079	17.7079	2
17.7079	17.8079	16
17.8079	17.9079	3
17.9079	18.0079	0
18.0079	18.1079	0
18.1079	18.2079	7
18.2079	18.3079	23
18.3079	18.4079	0
18.4079	18.5079	13
18.5079	18.6079	0
18.6079	18.7079	0
18.7079	18.8079	1
18.8079	18.9079	16
18.9079	19.0079	49
19.0079	19.1079	12
19.1079	19.2079	24
19.2079	19.3079	0
19.3079	19.4079	1
19.4079	19.5079	21
19.5079	19.6079	0
19.6079	19.7079	0
19.7079	19.8079	2
19.8079	19.9079	0
19.9079	20.0079	0
20.0079	20.1079	14
20.1079	20.2079	0
20.2079	20.3079	0
20.3079	20.4079	0
20.4079	20.5079	0
20.5079	20.6079	0
20.6079	20.7079	2
20.7079	20.8079	2
20.8079	20.9079	0
20.9079	21.0079	10
21.0079	21.1079	12
21.1079	21.2079	5
21.2079	21.3079	0
21.3079	21.4079	0
21.4079	21.5079	0
21.5079	21.6079	0
21.6079	21.7079	0
21.7079	21.8079	0
21.8079	21.9079	0
21.9079	22.0079	0
22.0079	22.1079	0
22.1079	22.2079	0
22.2079	22.3079	0
22.3079	22.4079	0
22.4079	22.5079	0
22.5079	22.6079	0
22.6079	22.7079	0
22.7079	22.8079	0
22.8079	22.9079	0
22.9079	23.0079	0
23.0079	23.1079	0
23.1079	23.2079	0
23.2079	23.3079	0
23.3079	23.4079	0
23.4079	23.5079	0
23.5079	23.6079	0
23.6079	23.7079	0
23.7079	23.8079	0
23.8079	23.9079	0
23.9079	24.0079	0
24.0079	24.1079	0
24.1079	24.2079	0
24.2079	24.3079	0
24.3079	24.4079	0
24.4079	24.5079	0
24.5079	24.6079	0
24.6079	24.7079	77
24.7079	24.8079	0
24.8079	24.9079	0
24.9079	25.0079	0
25.0079	25.1079	0
25.1079	25.2079	0
25.2079	25.3079	0
25.3079	25.4079	0
25.4079	25.5079	0
25.5079	25.6079	0
25.6079	25.7079	0
25.7079	25.8079	0
25.8079	25.9079	0
25.9079	26.0079	0
26.0079	26.1079	0
26.1079	26.2079	0
26.2079	26.3079	0
26.3079	26.4079	0
26.4079	26.5079	0
26.5079	26.6079	0
26.6079	26.7079	0
26.7079	26.8079	0
26.8079	26.9079	0
26.9079	27.0079	0
27.0079	27.1079	0
27.1079	27.2079	0
27.2079	27.3079	0
27.3079	27.4079	0
27.4079	27.5079	0
27.5079	27.6079	0
27.6079	27.7079	0
27.7079	27.8079	0
27.8079	27.9079	0
27.9079	28.0079	0
28.0079	28.1079	0
28.1079	28.2079	1
28.2079	28.3079	0
28.3079	28.4079	0
28.4079	28.5079	0
28.5079	28.6079	0
28.6079	28.7079	0
28.7079	28.8079	0
28.8079	28.9079	0
28.9079	29.0079	0
29.0079	29.1079	0
29.1079	29.2079	0
29.2079	29.3079	0
29.3079	29.4079	0
29.4079	29.5079	0
29.5079	29.6079	0
29.6079	29.7079	0
29.7079	29.8079	0
29.8079	29.9079	0
29.9079	30.0079	0
30.0079	30.1079	0
30.1079	30.2079	0
30.2079	30.3079	0
30.3079	30.4079	0
30.4079	30.5079	0
30.5079	30.6079	0
30.6079	30.7079	0
30.7079	30.8079	0
30.8079	30.9079	0
30.9079	31.0079	0
31.0079	31.1079	0
31.1079	31.2079	0
31.2079	31.3079	0
31.3079	31.4079	0
31.4079	31.5079	0
31.5079	31.6079	0
31.6079	31.7079	1
31.7079	31.8079	0
31.8079	31.9079	0
31.9079	32.0079	0
32.0079	32.1079	0
32.1079	32.2079	0
32.2079	32.3079	0
32.3079	32.4079	0
32.4079	32.5079	0
32.5079	32.6079	15
32.6079	32.7079	0
32.7079	32.8079	0
32.8079	32.9079	0
32.9079	33.0079	1
33.0079	33.1079	0
33.1079	33.2079	0
33.2079	33.3079	0
33.3079	33.4079	0
33.4079	33.5079	0
33.5079	33.6079	2
33.6079	33.7079	0
33.7079	33.8079	0
33.8079	33.9079	0
33.9079	34.0079	0
34.0079	34.1079	0
34.1079	34.2079	0
34.2079	34.3079	0
34.3079	34.4079	0
34.4079	34.5079	0
34.5079	34.6079	0
34.6079	34.7079	0
34.7079	34.8079	0
34.8079	34.9079	0
34.9079	35.0079	0
35.0079	35.1079	0
35.1079	35.2079	0
35.2079	35.3079	0
35.3079	35.4079	0
35.4079	35.5079	0
35.5079	35.6079	0
35.6079	35.7079	0
35.7079	35.8079	0
35.8079	35.9079	0
35.9079	36.0079	0
36.0079	36.1079	0
36.1079	36.2079	0
36.2079	36.3079	0
36.3079	36.4079	0
36.4079	36.5079	0
36.5079	36.6079	0
36.6079	36.7079	0
36.7079	36.8079	0
36.8079	36.9079	0
36.9079	37.0079	0
37.0079	37.1079	0
37.1079	37.2079	0
37.2079	37.3079	0
37.3079	37.4079	0
37.4079	37.5079	0
37.5079	37.6079	0
37.6079	37.7079	0
37.7079	37.8079	0
37.8079	37.9079	0
37.9079	38.0079	0
38.0079	38.1079	0
38.1079	38.2079	0
38.2079	38.3079	0
38.3079	38.4079	0
38.4079	38.5079	0
38.5079	38.6079	0
38.6079	38.7079	0
38.7079	38.8079	0
38.8079	38.9079	0
38.9079	39.0079	0
39.0079	39.1079	0
39.1079	39.2079	0
39.2079	39.3079	0
39.3079	39.4079	0
39.4079	39.5079	0
39.5079	39.6079	0
39.6079	39.7079	0
39.7079	39.8079	0
39.8079	39.9079	0
39.9079	40.0079	0
40.0079	40.1079	0
40.1079	40.2079	0
40.2079	40.3079	0
40.3079	40.4079	0
40.4079	40.5079	0
40.5079	40.6079	0
40.6079	40.7079	0
40.7079	40.8079	0
40.8079	40.9079	0
40.9079	41.0079	0
41.0079	41.1079	0
41.1079	41.2079	0
41.2079	41.3079	0
41.3079	41.4079	0
41.4079	41.5079	0
41.5079	41.6079	0
41.6079	41.7079	0
41.7079	41.8079	0
41.8079	41.9079	0
41.9079	42.0079	0
42.0079	42.1079	0
42.1079	42.2079	0
42.2079	42.3079	0
42.3079	42.4079	0
42.4079	42.5079	0
42.5079	42.6079	0
42.6079	42.7079	0
42.7079	42.8079	0
42.8079	42.9079	0
42.9079	43.0079	0
43.0079	43.1079	0
43.1079	43.2079	0
43.2079	43.3079	0
43.3079	43.4079	0
43.4079	43.5079	0
43.5079	43.6079	0
43.6079	43.7079	0
43.7079	43.8079	0
43.8079	43.9079	0
43.9079	44.0079	0
44.0079	44.1079	0
44.1079	44.2079	0
44.2079	44.3079	0
44.3079	44.4079	0
44.4079	44.5079	0
44.5079	44.6079	0
44.6079	44.7079	0
44.7079	44.8079	0
44.8079	44.9079	0
44.9079	45.0079	0
45.0079	45.1079	0
45.1079	45.2079	0
45.2079	45.3079	0
45.3079	45.4079	0
45.4079	45.5079	0
45.5079	45.6079	0
45.6079	45.7079	0
45.7079	45.8079	0
45.8079	45.9079	0
45.9079	46.0079	0
46.0079	46.1079	0
46.1079	46.2079	0
46.2079	46.3079	0
46.3079	46.4079	0
46.4079	46.5079	0
46.5079	46.6079	0
46.6079	46.7079	0
46.7079	46.8079	0
46.8079	46.9079	0
46.9079	47.0079	0
47.0079	47.1079	0
47.1079	47.2079	0
47.2079	47.3079	0
47.3079	47.4079	0
47.4079	47.5079	0
47.5079	47.6079	0
47.6079	47.7079	0
47.7079	47.8079	0
47.8079	47.9079	0
47.9079	48.0079	0
48.0079	48.1079	6
48.1079	48.2079	0
48.2079	48.3079	0
48.3079	48.4079	0
48.4079	48.5079	0
48.5079	48.6079	0
48.6079	48.7079	0
48.7079	48.8079	0
48.8079	48.9079	0
48.9079	49.0079	0
49.0079	49.1079	0
49.1079	49.2079	0
49.2079	49.3079	0
49.3079	49.4079	0
49.4079	49.5079	0
49.5079	49.6079	0
49.6079	49.7079	0
49.7079	49.8079	0
49.8079	49.9079	0
49.9079	50.0079	0
50.0079	50.1079	0
50.1079	50.2079	0
50.2079	50.3079	0
50.3079	50.4079	0
50.4079	50.5079	0
50.5079	50.6079	0
50.6079	50.7079	0
50.7079	50.8079	0
50.8079	50.9079	0
50.9079	51.0079	0
51.0079	51.1079	0
51.1079	51.2079	0
51.2079	51.3079	0
51.3079	51.4079	0
51.4079	51.5079	0
51.5079	51.6079	0
51.6079	51.7079	0
51.7079	51.8079	0
51.8079	51.9079	0
51.9079	52.0079	0
52.0079	52.1079	0
52.1079	52.2079	0
52.2079	52.3079	0
52.3079	52.4079	0
52.4079	52.5079	0
52.5079	52.6079	0
52.6079	52.7079	0
52.7079	52.8079	0
52.8079	52.9079	0
52.9079	53.0079	0
53.0079	53.1079	0
53.1079	53.2079	0
53.2079	53.3079	0
53.3079	53.4079	0
53.4079	53.5079	0
53.5079	53.6079	0
53.6079	53.7079	0
53.7079	53.8079	0
53.8079	53.9079	0
53.9079	54.0079	0
54.0079	54.1079	0
54.1079	54.2079	0
54.2079	54.3079	0
54.3079	54.4079	0
54.4079	54.5079	0
54.5079	54.6079	0
54.6079	54.7079	0
54.7079	54.8079	0
54.8079	54.9079	0
54.9079	55.0079	0
55.0079	55.1079	0
55.1079	55.2079	0
55.2079	55.3079	0
55.3079	55.4079	0
55.4079	55.5079	0
55.5079	55.6079	0
55.6079	55.7079	0
55.7079	55.8079	0
55.8079	55.9079	0
55.9079	56.0079	0
56.0079	56.1079	0
56.1079	56.2079	0
56.2079	56.3079	0
56.3079	56.4079	0
56.4079	56.5079	0
56.5079	56.6079	0
56.6079	56.7079	0
56.7079	56.8079	0
56.8079	56.9079	0
56.9079	57.0079	0
57.0079	57.1079	0
57.1079	57.2079	0
57.2079	57.3079	0
57.3079	57.4079	0
57.4079	57.5079	0
57.5079	57.6079	0
57.6079	57.7079	0
57.7079	57.8079	0
57.8079	57.9079	0
57.9079	58.0079	0
58.0079	58.1079	0
58.1079	58.2079	0
58.2079	58.3079	0
58.3079	58.4079	0
58.4079	58.5079	0
58.5079	58.6079	0
58.6079	58.7079	0
58.7079	58.8079	0
58.8079	58.9079	0
58.9079	59.0079	0
59.0079	59.1079	0
59.1079	59.2079	0
59.2079	59.3079	0
59.3079	59.4079	0
59.4079	59.5079	0
59.5079	59.6079	0
59.6079	59.7079	0
59.7079	59.8079	0
59.8079	59.9079	0
59.9079	60.0079	0
60.0079	60.1079	0
60.1079	60.2079	0
60.2079	60.3079	2
60.3079	60.4079	0
60.4079	60.5079	0
60.5079	60.6079	0
60.6079	60.7079	0
