#logMsmin    logMsmax    logSFRmin    logSFRmax    Prob
7.0  7.229166666666667  -5.5  -5.166666666666667  0.0
7.0  7.229166666666667  -5.166666666666667  -4.833333333333333  0.0
7.0  7.229166666666667  -4.833333333333333  -4.5  0.0
7.0  7.229166666666667  -4.5  -4.166666666666667  0.0
7.0  7.229166666666667  -4.166666666666667  -3.8333333333333335  2.4798721960468864e-05
7.0  7.229166666666667  -3.8333333333333335  -3.5  3.9363050730902954e-05
7.0  7.229166666666667  -3.5  -3.166666666666667  6.534266421329892e-05
7.0  7.229166666666667  -3.166666666666667  -2.8333333333333335  9.958851834918447e-05
7.0  7.229166666666667  -2.8333333333333335  -2.5  0.00016788341136730114
7.0  7.229166666666667  -2.5  -2.166666666666667  0.00015390952835783058
7.0  7.229166666666667  -2.166666666666667  -1.8333333333333335  8.325285229585978e-05
7.0  7.229166666666667  -1.8333333333333335  -1.5  2.79477660189411e-05
7.0  7.229166666666667  -1.5  -1.166666666666667  0.0
7.0  7.229166666666667  -1.166666666666667  -0.8333333333333339  0.0
7.0  7.229166666666667  -0.8333333333333339  -0.5  0.0
7.0  7.229166666666667  -0.5  -0.16666666666666696  0.0
7.0  7.229166666666667  -0.16666666666666696  0.16666666666666607  0.0
7.0  7.229166666666667  0.16666666666666607  0.5  0.0
7.0  7.229166666666667  0.5  0.833333333333333  0.0
7.0  7.229166666666667  0.833333333333333  1.166666666666666  0.0
7.0  7.229166666666667  1.166666666666666  1.5  0.0
7.0  7.229166666666667  1.5  1.833333333333333  0.0
7.0  7.229166666666667  1.833333333333333  2.166666666666666  0.0
7.0  7.229166666666667  2.166666666666666  2.5  0.0
7.229166666666667  7.458333333333333  -5.5  -5.166666666666667  0.0
7.229166666666667  7.458333333333333  -5.166666666666667  -4.833333333333333  0.0
7.229166666666667  7.458333333333333  -4.833333333333333  -4.5  0.0
7.229166666666667  7.458333333333333  -4.5  -4.166666666666667  0.0
7.229166666666667  7.458333333333333  -4.166666666666667  -3.8333333333333335  3.975668123821199e-05
7.229166666666667  7.458333333333333  -3.8333333333333335  -3.5  3.6214006672430724e-05
7.229166666666667  7.458333333333333  -3.5  -3.166666666666667  5.806049982808186e-05
7.229166666666667  7.458333333333333  -3.166666666666667  -2.8333333333333335  6.219362015482668e-05
7.229166666666667  7.458333333333333  -2.8333333333333335  -2.5  0.00020075155872760508
7.229166666666667  7.458333333333333  -2.5  -2.166666666666667  0.00031864389566665946
7.229166666666667  7.458333333333333  -2.166666666666667  -1.8333333333333335  0.00017575602151348173
7.229166666666667  7.458333333333333  -1.8333333333333335  -1.5  0.0001037216386759293
7.229166666666667  7.458333333333333  -1.5  -1.166666666666667  7.282164385217047e-05
7.229166666666667  7.458333333333333  -1.166666666666667  -0.8333333333333339  0.0
7.229166666666667  7.458333333333333  -0.8333333333333339  -0.5  0.0
7.229166666666667  7.458333333333333  -0.5  -0.16666666666666696  0.0
7.229166666666667  7.458333333333333  -0.16666666666666696  0.16666666666666607  0.0
7.229166666666667  7.458333333333333  0.16666666666666607  0.5  0.0
7.229166666666667  7.458333333333333  0.5  0.833333333333333  0.0
7.229166666666667  7.458333333333333  0.833333333333333  1.166666666666666  0.0
7.229166666666667  7.458333333333333  1.166666666666666  1.5  0.0
7.229166666666667  7.458333333333333  1.5  1.833333333333333  0.0
7.229166666666667  7.458333333333333  1.833333333333333  2.166666666666666  0.0
7.229166666666667  7.458333333333333  2.166666666666666  2.5  0.0
7.458333333333333  7.6875  -5.5  -5.166666666666667  0.0
7.458333333333333  7.6875  -5.166666666666667  -4.833333333333333  0.0
7.458333333333333  7.6875  -4.833333333333333  -4.5  0.0
7.458333333333333  7.6875  -4.5  -4.166666666666667  0.0
7.458333333333333  7.6875  -4.166666666666667  -3.8333333333333335  8.069425399835107e-06
7.458333333333333  7.6875  -3.8333333333333335  -3.5  5.19592269647919e-05
7.458333333333333  7.6875  -3.5  -3.166666666666667  7.911973196911496e-05
7.458333333333333  7.6875  -3.166666666666667  -2.8333333333333335  0.0001249776860706169
7.458333333333333  7.6875  -2.8333333333333335  -2.5  0.00017221334694770047
7.458333333333333  7.6875  -2.5  -2.166666666666667  0.00034383624813443735
7.458333333333333  7.6875  -2.166666666666667  -1.8333333333333335  0.0003381286057784564
7.458333333333333  7.6875  -1.8333333333333335  -1.5  0.00017870825031829945
7.458333333333333  7.6875  -1.5  -1.166666666666667  0.00011592418440250921
7.458333333333333  7.6875  -1.166666666666667  -0.8333333333333339  0.0
7.458333333333333  7.6875  -0.8333333333333339  -0.5  0.0
7.458333333333333  7.6875  -0.5  -0.16666666666666696  0.0
7.458333333333333  7.6875  -0.16666666666666696  0.16666666666666607  0.0
7.458333333333333  7.6875  0.16666666666666607  0.5  0.0
7.458333333333333  7.6875  0.5  0.833333333333333  0.0
7.458333333333333  7.6875  0.833333333333333  1.166666666666666  0.0
7.458333333333333  7.6875  1.166666666666666  1.5  0.0
7.458333333333333  7.6875  1.5  1.833333333333333  0.0
7.458333333333333  7.6875  1.833333333333333  2.166666666666666  0.0
7.458333333333333  7.6875  2.166666666666666  2.5  0.0
7.6875  7.916666666666667  -5.5  -5.166666666666667  0.0
7.6875  7.916666666666667  -5.166666666666667  -4.833333333333333  0.0
7.6875  7.916666666666667  -4.833333333333333  -4.5  0.0
7.6875  7.916666666666667  -4.5  -4.166666666666667  0.0
7.6875  7.916666666666667  -4.166666666666667  -3.8333333333333335  2.834139652625013e-05
7.6875  7.916666666666667  -3.8333333333333335  -3.5  0.0
7.6875  7.916666666666667  -3.5  -3.166666666666667  6.160317439386313e-05
7.6875  7.916666666666667  -3.166666666666667  -2.8333333333333335  2.007515587276051e-05
7.6875  7.916666666666667  -2.8333333333333335  -2.5  0.0002019324502495322
7.6875  7.916666666666667  -2.5  -2.166666666666667  0.0003265165058128401
7.6875  7.916666666666667  -2.166666666666667  -1.8333333333333335  0.0006689750471716957
7.6875  7.916666666666667  -1.8333333333333335  -1.5  0.0006977100742052549
7.6875  7.916666666666667  -1.5  -1.166666666666667  0.0002808553669649926
7.6875  7.916666666666667  -1.166666666666667  -0.8333333333333339  0.00014426558092875934
7.6875  7.916666666666667  -0.8333333333333339  -0.5  0.0
7.6875  7.916666666666667  -0.5  -0.16666666666666696  0.0
7.6875  7.916666666666667  -0.16666666666666696  0.16666666666666607  0.0
7.6875  7.916666666666667  0.16666666666666607  0.5  0.0
7.6875  7.916666666666667  0.5  0.833333333333333  0.0
7.6875  7.916666666666667  0.833333333333333  1.166666666666666  0.0
7.6875  7.916666666666667  1.166666666666666  1.5  0.0
7.6875  7.916666666666667  1.5  1.833333333333333  0.0
7.6875  7.916666666666667  1.833333333333333  2.166666666666666  0.0
7.6875  7.916666666666667  2.166666666666666  2.5  0.0
7.916666666666667  8.145833333333334  -5.5  -5.166666666666667  0.0
7.916666666666667  8.145833333333334  -5.166666666666667  -4.833333333333333  0.0
7.916666666666667  8.145833333333334  -4.833333333333333  -4.5  0.0
7.916666666666667  8.145833333333334  -4.5  -4.166666666666667  0.0
7.916666666666667  8.145833333333334  -4.166666666666667  -3.8333333333333335  2.0271971126415025e-05
7.916666666666667  8.145833333333334  -3.8333333333333335  -3.5  3.129362533106785e-05
7.916666666666667  8.145833333333334  -3.5  -3.166666666666667  2.8931842287213675e-05
7.916666666666667  8.145833333333334  -3.166666666666667  -2.8333333333333335  0.0
7.916666666666667  8.145833333333334  -2.8333333333333335  -2.5  6.986941504735276e-05
7.916666666666667  8.145833333333334  -2.5  -2.166666666666667  0.00024897129587296123
7.916666666666667  8.145833333333334  -2.166666666666667  -1.8333333333333335  0.0006923960623565832
7.916666666666667  8.145833333333334  -1.8333333333333335  -1.5  0.0010354450494764024
7.916666666666667  8.145833333333334  -1.5  -1.166666666666667  0.0015274831836126893
7.916666666666667  8.145833333333334  -1.166666666666667  -0.8333333333333339  0.0009756132123654299
7.916666666666667  8.145833333333334  -0.8333333333333339  -0.5  0.0
7.916666666666667  8.145833333333334  -0.5  -0.16666666666666696  0.0
7.916666666666667  8.145833333333334  -0.16666666666666696  0.16666666666666607  0.0
7.916666666666667  8.145833333333334  0.16666666666666607  0.5  0.0
7.916666666666667  8.145833333333334  0.5  0.833333333333333  0.0
7.916666666666667  8.145833333333334  0.833333333333333  1.166666666666666  0.0
7.916666666666667  8.145833333333334  1.166666666666666  1.5  0.0
7.916666666666667  8.145833333333334  1.5  1.833333333333333  0.0
7.916666666666667  8.145833333333334  1.833333333333333  2.166666666666666  0.0
7.916666666666667  8.145833333333334  2.166666666666666  2.5  0.0
8.145833333333334  8.375  -5.5  -5.166666666666667  0.0
8.145833333333334  8.375  -5.166666666666667  -4.833333333333333  0.0
8.145833333333334  8.375  -4.833333333333333  -4.5  0.0
8.145833333333334  8.375  -4.5  -4.166666666666667  0.0
8.145833333333334  8.375  -4.166666666666667  -3.8333333333333335  0.0
8.145833333333334  8.375  -3.8333333333333335  -3.5  0.0
8.145833333333334  8.375  -3.5  -3.166666666666667  3.916623547724844e-05
8.145833333333334  8.375  -3.166666666666667  -2.8333333333333335  0.0
8.145833333333334  8.375  -2.8333333333333335  -2.5  0.00012300953353407173
8.145833333333334  8.375  -2.5  -2.166666666666667  0.0002605833958385776
8.145833333333334  8.375  -2.166666666666667  -1.8333333333333335  0.0004314190360106965
8.145833333333334  8.375  -1.8333333333333335  -1.5  0.0014507252346874285
8.145833333333334  8.375  -1.5  -1.166666666666667  0.0034060847797450318
8.145833333333334  8.375  -1.166666666666667  -0.8333333333333339  0.0013666851213769507
8.145833333333334  8.375  -0.8333333333333339  -0.5  0.00016020761647477506
8.145833333333334  8.375  -0.5  -0.16666666666666696  0.0
8.145833333333334  8.375  -0.16666666666666696  0.16666666666666607  0.0
8.145833333333334  8.375  0.16666666666666607  0.5  0.0
8.145833333333334  8.375  0.5  0.833333333333333  0.0
8.145833333333334  8.375  0.833333333333333  1.166666666666666  0.0
8.145833333333334  8.375  1.166666666666666  1.5  0.0
8.145833333333334  8.375  1.5  1.833333333333333  0.0
8.145833333333334  8.375  1.833333333333333  2.166666666666666  0.0
8.145833333333334  8.375  2.166666666666666  2.5  0.0
8.375  8.604166666666666  -5.5  -5.166666666666667  0.0
8.375  8.604166666666666  -5.166666666666667  -4.833333333333333  0.0
8.375  8.604166666666666  -4.833333333333333  -4.5  0.0
8.375  8.604166666666666  -4.5  -4.166666666666667  0.0
8.375  8.604166666666666  -4.166666666666667  -3.8333333333333335  0.0
8.375  8.604166666666666  -3.8333333333333335  -3.5  0.0
8.375  8.604166666666666  -3.5  -3.166666666666667  0.0
8.375  8.604166666666666  -3.166666666666667  -2.8333333333333335  0.0
8.375  8.604166666666666  -2.8333333333333335  -2.5  0.0
8.375  8.604166666666666  -2.5  -2.166666666666667  0.0
8.375  8.604166666666666  -2.166666666666667  -1.8333333333333335  0.0008640189635433199
8.375  8.604166666666666  -1.8333333333333335  -1.5  0.00028833434660386416
8.375  8.604166666666666  -1.5  -1.166666666666667  0.0025898919228397603
8.375  8.604166666666666  -1.166666666666667  -0.8333333333333339  0.004464950844406322
8.375  8.604166666666666  -0.8333333333333339  -0.5  0.0022318849764421974
8.375  8.604166666666666  -0.5  -0.16666666666666696  0.0
8.375  8.604166666666666  -0.16666666666666696  0.16666666666666607  0.0
8.375  8.604166666666666  0.16666666666666607  0.5  0.0
8.375  8.604166666666666  0.5  0.833333333333333  0.0
8.375  8.604166666666666  0.833333333333333  1.166666666666666  0.0
8.375  8.604166666666666  1.166666666666666  1.5  0.0
8.375  8.604166666666666  1.5  1.833333333333333  0.0
8.375  8.604166666666666  1.833333333333333  2.166666666666666  0.0
8.375  8.604166666666666  2.166666666666666  2.5  0.0
8.604166666666666  8.833333333333334  -5.5  -5.166666666666667  0.0
8.604166666666666  8.833333333333334  -5.166666666666667  -4.833333333333333  0.0
8.604166666666666  8.833333333333334  -4.833333333333333  -4.5  0.0
8.604166666666666  8.833333333333334  -4.5  -4.166666666666667  0.0
8.604166666666666  8.833333333333334  -4.166666666666667  -3.8333333333333335  0.0
8.604166666666666  8.833333333333334  -3.8333333333333335  -3.5  0.0
8.604166666666666  8.833333333333334  -3.5  -3.166666666666667  0.0
8.604166666666666  8.833333333333334  -3.166666666666667  -2.8333333333333335  0.0
8.604166666666666  8.833333333333334  -2.8333333333333335  -2.5  0.0
8.604166666666666  8.833333333333334  -2.5  -2.166666666666667  0.0
8.604166666666666  8.833333333333334  -2.166666666666667  -1.8333333333333335  0.0
8.604166666666666  8.833333333333334  -1.8333333333333335  -1.5  0.0008400075025974692
8.604166666666666  8.833333333333334  -1.5  -1.166666666666667  0.001892969109649123
8.604166666666666  8.833333333333334  -1.166666666666667  -0.8333333333333339  0.004845197914466846
8.604166666666666  8.833333333333334  -0.8333333333333339  -0.5  0.007667725467126242
8.604166666666666  8.833333333333334  -0.5  -0.16666666666666696  0.0002731795720724665
8.604166666666666  8.833333333333334  -0.16666666666666696  0.16666666666666607  0.0
8.604166666666666  8.833333333333334  0.16666666666666607  0.5  0.0
8.604166666666666  8.833333333333334  0.5  0.833333333333333  0.0
8.604166666666666  8.833333333333334  0.833333333333333  1.166666666666666  0.0
8.604166666666666  8.833333333333334  1.166666666666666  1.5  0.0
8.604166666666666  8.833333333333334  1.5  1.833333333333333  0.0
8.604166666666666  8.833333333333334  1.833333333333333  2.166666666666666  0.0
8.604166666666666  8.833333333333334  2.166666666666666  2.5  0.0
8.833333333333334  9.0625  -5.5  -5.166666666666667  0.0
8.833333333333334  9.0625  -5.166666666666667  -4.833333333333333  0.0
8.833333333333334  9.0625  -4.833333333333333  -4.5  0.0
8.833333333333334  9.0625  -4.5  -4.166666666666667  0.0
8.833333333333334  9.0625  -4.166666666666667  -3.8333333333333335  0.0
8.833333333333334  9.0625  -3.8333333333333335  -3.5  0.0
8.833333333333334  9.0625  -3.5  -3.166666666666667  0.0
8.833333333333334  9.0625  -3.166666666666667  -2.8333333333333335  0.0
8.833333333333334  9.0625  -2.8333333333333335  -2.5  0.0
8.833333333333334  9.0625  -2.5  -2.166666666666667  0.0
8.833333333333334  9.0625  -2.166666666666667  -1.8333333333333335  0.0
8.833333333333334  9.0625  -1.8333333333333335  -1.5  0.0003757203192264688
8.833333333333334  9.0625  -1.5  -1.166666666666667  0.0
8.833333333333334  9.0625  -1.166666666666667  -0.8333333333333339  0.0042147986570114345
8.833333333333334  9.0625  -0.8333333333333339  -0.5  0.01667123606080568
8.833333333333334  9.0625  -0.5  -0.16666666666666696  0.00634197791850943
8.833333333333334  9.0625  -0.16666666666666696  0.16666666666666607  0.0
8.833333333333334  9.0625  0.16666666666666607  0.5  0.0
8.833333333333334  9.0625  0.5  0.833333333333333  0.0
8.833333333333334  9.0625  0.833333333333333  1.166666666666666  0.0
8.833333333333334  9.0625  1.166666666666666  1.5  0.0
8.833333333333334  9.0625  1.5  1.833333333333333  0.0
8.833333333333334  9.0625  1.833333333333333  2.166666666666666  0.0
8.833333333333334  9.0625  2.166666666666666  2.5  0.0
9.0625  9.291666666666666  -5.5  -5.166666666666667  0.0
9.0625  9.291666666666666  -5.166666666666667  -4.833333333333333  0.0
9.0625  9.291666666666666  -4.833333333333333  -4.5  0.0
9.0625  9.291666666666666  -4.5  -4.166666666666667  0.0
9.0625  9.291666666666666  -4.166666666666667  -3.8333333333333335  0.0
9.0625  9.291666666666666  -3.8333333333333335  -3.5  0.0
9.0625  9.291666666666666  -3.5  -3.166666666666667  0.0
9.0625  9.291666666666666  -3.166666666666667  -2.8333333333333335  0.0
9.0625  9.291666666666666  -2.8333333333333335  -2.5  0.0
9.0625  9.291666666666666  -2.5  -2.166666666666667  0.0
9.0625  9.291666666666666  -2.166666666666667  -1.8333333333333335  0.0
9.0625  9.291666666666666  -1.8333333333333335  -1.5  0.0
9.0625  9.291666666666666  -1.5  -1.166666666666667  0.0
9.0625  9.291666666666666  -1.166666666666667  -0.8333333333333339  0.001203525276097358
9.0625  9.291666666666666  -0.8333333333333339  -0.5  0.012519221469710032
9.0625  9.291666666666666  -0.5  -0.16666666666666696  0.024614699698301896
9.0625  9.291666666666666  -0.16666666666666696  0.16666666666666607  0.004630669287983424
9.0625  9.291666666666666  0.16666666666666607  0.5  0.0
9.0625  9.291666666666666  0.5  0.833333333333333  0.0
9.0625  9.291666666666666  0.833333333333333  1.166666666666666  0.0
9.0625  9.291666666666666  1.166666666666666  1.5  0.0
9.0625  9.291666666666666  1.5  1.833333333333333  0.0
9.0625  9.291666666666666  1.833333333333333  2.166666666666666  0.0
9.0625  9.291666666666666  2.166666666666666  2.5  0.0
9.291666666666666  9.520833333333332  -5.5  -5.166666666666667  0.0
9.291666666666666  9.520833333333332  -5.166666666666667  -4.833333333333333  0.0
9.291666666666666  9.520833333333332  -4.833333333333333  -4.5  0.0
9.291666666666666  9.520833333333332  -4.5  -4.166666666666667  0.0
9.291666666666666  9.520833333333332  -4.166666666666667  -3.8333333333333335  0.0
9.291666666666666  9.520833333333332  -3.8333333333333335  -3.5  0.0
9.291666666666666  9.520833333333332  -3.5  -3.166666666666667  0.0
9.291666666666666  9.520833333333332  -3.166666666666667  -2.8333333333333335  0.0
9.291666666666666  9.520833333333332  -2.8333333333333335  -2.5  0.0
9.291666666666666  9.520833333333332  -2.5  -2.166666666666667  0.0
9.291666666666666  9.520833333333332  -2.166666666666667  -1.8333333333333335  0.0
9.291666666666666  9.520833333333332  -1.8333333333333335  -1.5  0.0
9.291666666666666  9.520833333333332  -1.5  -1.166666666666667  0.0
9.291666666666666  9.520833333333332  -1.166666666666667  -0.8333333333333339  0.0
9.291666666666666  9.520833333333332  -0.8333333333333339  -0.5  0.002968367655617392
9.291666666666666  9.520833333333332  -0.5  -0.16666666666666696  0.019282777661547436
9.291666666666666  9.520833333333332  -0.16666666666666696  0.16666666666666607  0.01700168887169161
9.291666666666666  9.520833333333332  0.16666666666666607  0.5  0.0015306322276711615
9.291666666666666  9.520833333333332  0.5  0.833333333333333  0.0
9.291666666666666  9.520833333333332  0.833333333333333  1.166666666666666  0.0
9.291666666666666  9.520833333333332  1.166666666666666  1.5  0.0
9.291666666666666  9.520833333333332  1.5  1.833333333333333  0.0
9.291666666666666  9.520833333333332  1.833333333333333  2.166666666666666  0.0
9.291666666666666  9.520833333333332  2.166666666666666  2.5  0.0
9.520833333333332  9.75  -5.5  -5.166666666666667  0.0
9.520833333333332  9.75  -5.166666666666667  -4.833333333333333  0.0
9.520833333333332  9.75  -4.833333333333333  -4.5  0.0
9.520833333333332  9.75  -4.5  -4.166666666666667  0.0
9.520833333333332  9.75  -4.166666666666667  -3.8333333333333335  0.0
9.520833333333332  9.75  -3.8333333333333335  -3.5  0.0
9.520833333333332  9.75  -3.5  -3.166666666666667  0.0
9.520833333333332  9.75  -3.166666666666667  -2.8333333333333335  0.0
9.520833333333332  9.75  -2.8333333333333335  -2.5  0.0
9.520833333333332  9.75  -2.5  -2.166666666666667  0.0
9.520833333333332  9.75  -2.166666666666667  -1.8333333333333335  0.0
9.520833333333332  9.75  -1.8333333333333335  -1.5  0.0
9.520833333333332  9.75  -1.5  -1.166666666666667  0.0014690290532772985
9.520833333333332  9.75  -1.166666666666667  -0.8333333333333339  0.0
9.520833333333332  9.75  -0.8333333333333339  -0.5  0.0
9.520833333333332  9.75  -0.5  -0.16666666666666696  0.003512365016718471
9.520833333333332  9.75  -0.16666666666666696  0.16666666666666607  0.04918098284420478
9.520833333333332  9.75  0.16666666666666607  0.5  0.033722128745910906
9.520833333333332  9.75  0.5  0.833333333333333  0.0
9.520833333333332  9.75  0.833333333333333  1.166666666666666  0.0
9.520833333333332  9.75  1.166666666666666  1.5  0.0
9.520833333333332  9.75  1.5  1.833333333333333  0.0
9.520833333333332  9.75  1.833333333333333  2.166666666666666  0.0
9.520833333333332  9.75  2.166666666666666  2.5  0.0
9.75  9.979166666666666  -5.5  -5.166666666666667  0.0
9.75  9.979166666666666  -5.166666666666667  -4.833333333333333  0.0
9.75  9.979166666666666  -4.833333333333333  -4.5  0.0
9.75  9.979166666666666  -4.5  -4.166666666666667  0.0
9.75  9.979166666666666  -4.166666666666667  -3.8333333333333335  0.0
9.75  9.979166666666666  -3.8333333333333335  -3.5  0.0
9.75  9.979166666666666  -3.5  -3.166666666666667  0.0
9.75  9.979166666666666  -3.166666666666667  -2.8333333333333335  0.0
9.75  9.979166666666666  -2.8333333333333335  -2.5  0.0
9.75  9.979166666666666  -2.5  -2.166666666666667  0.0
9.75  9.979166666666666  -2.166666666666667  -1.8333333333333335  0.0
9.75  9.979166666666666  -1.8333333333333335  -1.5  0.0
9.75  9.979166666666666  -1.5  -1.166666666666667  0.0
9.75  9.979166666666666  -1.166666666666667  -0.8333333333333339  0.0
9.75  9.979166666666666  -0.8333333333333339  -0.5  0.00473773678597148
9.75  9.979166666666666  -0.5  -0.16666666666666696  0.013986085555197132
9.75  9.979166666666666  -0.16666666666666696  0.16666666666666607  0.0417799420457804
9.75  9.979166666666666  0.16666666666666607  0.5  0.0610377241701137
9.75  9.979166666666666  0.5  0.833333333333333  0.016658049438810822
9.75  9.979166666666666  0.833333333333333  1.166666666666666  0.0
9.75  9.979166666666666  1.166666666666666  1.5  0.0
9.75  9.979166666666666  1.5  1.833333333333333  0.0
9.75  9.979166666666666  1.833333333333333  2.166666666666666  0.0
9.75  9.979166666666666  2.166666666666666  2.5  0.0
9.979166666666666  10.208333333333332  -5.5  -5.166666666666667  0.0
9.979166666666666  10.208333333333332  -5.166666666666667  -4.833333333333333  0.0
9.979166666666666  10.208333333333332  -4.833333333333333  -4.5  0.0
9.979166666666666  10.208333333333332  -4.5  -4.166666666666667  0.0
9.979166666666666  10.208333333333332  -4.166666666666667  -3.8333333333333335  0.0
9.979166666666666  10.208333333333332  -3.8333333333333335  -3.5  0.0
9.979166666666666  10.208333333333332  -3.5  -3.166666666666667  0.0
9.979166666666666  10.208333333333332  -3.166666666666667  -2.8333333333333335  0.0
9.979166666666666  10.208333333333332  -2.8333333333333335  -2.5  0.0
9.979166666666666  10.208333333333332  -2.5  -2.166666666666667  0.0
9.979166666666666  10.208333333333332  -2.166666666666667  -1.8333333333333335  0.0
9.979166666666666  10.208333333333332  -1.8333333333333335  -1.5  0.0
9.979166666666666  10.208333333333332  -1.5  -1.166666666666667  0.0
9.979166666666666  10.208333333333332  -1.166666666666667  -0.8333333333333339  0.0
9.979166666666666  10.208333333333332  -0.8333333333333339  -0.5  0.0030874408840783738
9.979166666666666  10.208333333333332  -0.5  -0.16666666666666696  0.0018915914028735418
9.979166666666666  10.208333333333332  -0.16666666666666696  0.16666666666666607  0.03101729671493692
9.979166666666666  10.208333333333332  0.16666666666666607  0.5  0.06252722200977108
9.979166666666666  10.208333333333332  0.5  0.833333333333333  0.03943665963576975
9.979166666666666  10.208333333333332  0.833333333333333  1.166666666666666  0.014534609667132265
9.979166666666666  10.208333333333332  1.166666666666666  1.5  0.0
9.979166666666666  10.208333333333332  1.5  1.833333333333333  0.0
9.979166666666666  10.208333333333332  1.833333333333333  2.166666666666666  0.0
9.979166666666666  10.208333333333332  2.166666666666666  2.5  0.0
10.208333333333332  10.4375  -5.5  -5.166666666666667  0.0
10.208333333333332  10.4375  -5.166666666666667  -4.833333333333333  0.0
10.208333333333332  10.4375  -4.833333333333333  -4.5  0.0
10.208333333333332  10.4375  -4.5  -4.166666666666667  0.0
10.208333333333332  10.4375  -4.166666666666667  -3.8333333333333335  0.0
10.208333333333332  10.4375  -3.8333333333333335  -3.5  0.0
10.208333333333332  10.4375  -3.5  -3.166666666666667  0.0
10.208333333333332  10.4375  -3.166666666666667  -2.8333333333333335  0.0
10.208333333333332  10.4375  -2.8333333333333335  -2.5  0.0
10.208333333333332  10.4375  -2.5  -2.166666666666667  0.0
10.208333333333332  10.4375  -2.166666666666667  -1.8333333333333335  0.0025119530823925723
10.208333333333332  10.4375  -1.8333333333333335  -1.5  0.0
10.208333333333332  10.4375  -1.5  -1.166666666666667  0.0
10.208333333333332  10.4375  -1.166666666666667  -0.8333333333333339  0.0
10.208333333333332  10.4375  -0.8333333333333339  -0.5  0.013288178665738221
10.208333333333332  10.4375  -0.5  -0.16666666666666696  0.006238846725594466
10.208333333333332  10.4375  -0.16666666666666696  0.16666666666666607  0.004886529117734293
10.208333333333332  10.4375  0.16666666666666607  0.5  0.08508067555654925
10.208333333333332  10.4375  0.5  0.833333333333333  0.06400707590199937
10.208333333333332  10.4375  0.833333333333333  1.166666666666666  0.022256459329013496
10.208333333333332  10.4375  1.166666666666666  1.5  0.0
10.208333333333332  10.4375  1.5  1.833333333333333  0.0
10.208333333333332  10.4375  1.833333333333333  2.166666666666666  0.0
10.208333333333332  10.4375  2.166666666666666  2.5  0.0
10.4375  10.666666666666666  -5.5  -5.166666666666667  0.0
10.4375  10.666666666666666  -5.166666666666667  -4.833333333333333  0.0
10.4375  10.666666666666666  -4.833333333333333  -4.5  0.0
10.4375  10.666666666666666  -4.5  -4.166666666666667  0.0
10.4375  10.666666666666666  -4.166666666666667  -3.8333333333333335  0.0
10.4375  10.666666666666666  -3.8333333333333335  -3.5  0.0
10.4375  10.666666666666666  -3.5  -3.166666666666667  0.0
10.4375  10.666666666666666  -3.166666666666667  -2.8333333333333335  0.0
10.4375  10.666666666666666  -2.8333333333333335  -2.5  0.0027439982664512453
10.4375  10.666666666666666  -2.5  -2.166666666666667  0.0
10.4375  10.666666666666666  -2.166666666666667  -1.8333333333333335  0.0
10.4375  10.666666666666666  -1.8333333333333335  -1.5  0.0
10.4375  10.666666666666666  -1.5  -1.166666666666667  0.0
10.4375  10.666666666666666  -1.166666666666667  -0.8333333333333339  0.0
10.4375  10.666666666666666  -0.8333333333333339  -0.5  0.005650762747674775
10.4375  10.666666666666666  -0.5  -0.16666666666666696  0.008909826532939884
10.4375  10.666666666666666  -0.16666666666666696  0.16666666666666607  0.013603870332600064
10.4375  10.666666666666666  0.16666666666666607  0.5  0.013159855120355477
10.4375  10.666666666666666  0.5  0.833333333333333  0.04520157523056414
10.4375  10.666666666666666  0.833333333333333  1.166666666666666  0.0
10.4375  10.666666666666666  1.166666666666666  1.5  0.0
10.4375  10.666666666666666  1.5  1.833333333333333  0.0
10.4375  10.666666666666666  1.833333333333333  2.166666666666666  0.0
10.4375  10.666666666666666  2.166666666666666  2.5  0.0
10.666666666666666  10.895833333333332  -5.5  -5.166666666666667  0.0
10.666666666666666  10.895833333333332  -5.166666666666667  -4.833333333333333  0.0
10.666666666666666  10.895833333333332  -4.833333333333333  -4.5  0.0
10.666666666666666  10.895833333333332  -4.5  -4.166666666666667  0.0
10.666666666666666  10.895833333333332  -4.166666666666667  -3.8333333333333335  0.0
10.666666666666666  10.895833333333332  -3.8333333333333335  -3.5  0.0
10.666666666666666  10.895833333333332  -3.5  -3.166666666666667  0.0
10.666666666666666  10.895833333333332  -3.166666666666667  -2.8333333333333335  0.0
10.666666666666666  10.895833333333332  -2.8333333333333335  -2.5  0.0
10.666666666666666  10.895833333333332  -2.5  -2.166666666666667  0.0
10.666666666666666  10.895833333333332  -2.166666666666667  -1.8333333333333335  0.0
10.666666666666666  10.895833333333332  -1.8333333333333335  -1.5  0.0
10.666666666666666  10.895833333333332  -1.5  -1.166666666666667  0.0
10.666666666666666  10.895833333333332  -1.166666666666667  -0.8333333333333339  0.0
10.666666666666666  10.895833333333332  -0.8333333333333339  -0.5  0.0
10.666666666666666  10.895833333333332  -0.5  -0.16666666666666696  0.008034785915191913
10.666666666666666  10.895833333333332  -0.16666666666666696  0.16666666666666607  0.031532559049004434
10.666666666666666  10.895833333333332  0.16666666666666607  0.5  0.03288625436364019
10.666666666666666  10.895833333333332  0.5  0.833333333333333  0.08485059852502712
10.666666666666666  10.895833333333332  0.833333333333333  1.166666666666666  0.0
10.666666666666666  10.895833333333332  1.166666666666666  1.5  0.0
10.666666666666666  10.895833333333332  1.5  1.833333333333333  0.0
10.666666666666666  10.895833333333332  1.833333333333333  2.166666666666666  0.0
10.666666666666666  10.895833333333332  2.166666666666666  2.5  0.0
10.895833333333332  11.125  -5.5  -5.166666666666667  0.0
10.895833333333332  11.125  -5.166666666666667  -4.833333333333333  0.0
10.895833333333332  11.125  -4.833333333333333  -4.5  0.0
10.895833333333332  11.125  -4.5  -4.166666666666667  0.0
10.895833333333332  11.125  -4.166666666666667  -3.8333333333333335  0.0
10.895833333333332  11.125  -3.8333333333333335  -3.5  0.0
10.895833333333332  11.125  -3.5  -3.166666666666667  0.0
10.895833333333332  11.125  -3.166666666666667  -2.8333333333333335  0.0
10.895833333333332  11.125  -2.8333333333333335  -2.5  0.0
10.895833333333332  11.125  -2.5  -2.166666666666667  0.0
10.895833333333332  11.125  -2.166666666666667  -1.8333333333333335  0.0
10.895833333333332  11.125  -1.8333333333333335  -1.5  0.0
10.895833333333332  11.125  -1.5  -1.166666666666667  0.0
10.895833333333332  11.125  -1.166666666666667  -0.8333333333333339  0.0
10.895833333333332  11.125  -0.8333333333333339  -0.5  0.0
10.895833333333332  11.125  -0.5  -0.16666666666666696  0.0
10.895833333333332  11.125  -0.16666666666666696  0.16666666666666607  0.0
10.895833333333332  11.125  0.16666666666666607  0.5  0.0
10.895833333333332  11.125  0.5  0.833333333333333  0.02182248169470529
10.895833333333332  11.125  0.833333333333333  1.166666666666666  0.0
10.895833333333332  11.125  1.166666666666666  1.5  0.0
10.895833333333332  11.125  1.5  1.833333333333333  0.0
10.895833333333332  11.125  1.833333333333333  2.166666666666666  0.0
10.895833333333332  11.125  2.166666666666666  2.5  0.0
11.125  11.354166666666666  -5.5  -5.166666666666667  0.0
11.125  11.354166666666666  -5.166666666666667  -4.833333333333333  0.0
11.125  11.354166666666666  -4.833333333333333  -4.5  0.0
11.125  11.354166666666666  -4.5  -4.166666666666667  0.0
11.125  11.354166666666666  -4.166666666666667  -3.8333333333333335  0.0
11.125  11.354166666666666  -3.8333333333333335  -3.5  0.0
11.125  11.354166666666666  -3.5  -3.166666666666667  0.0
11.125  11.354166666666666  -3.166666666666667  -2.8333333333333335  0.0
11.125  11.354166666666666  -2.8333333333333335  -2.5  0.0
11.125  11.354166666666666  -2.5  -2.166666666666667  0.0
11.125  11.354166666666666  -2.166666666666667  -1.8333333333333335  0.0
11.125  11.354166666666666  -1.8333333333333335  -1.5  0.0
11.125  11.354166666666666  -1.5  -1.166666666666667  0.0
11.125  11.354166666666666  -1.166666666666667  -0.8333333333333339  0.0
11.125  11.354166666666666  -0.8333333333333339  -0.5  0.0
11.125  11.354166666666666  -0.5  -0.16666666666666696  0.0
11.125  11.354166666666666  -0.16666666666666696  0.16666666666666607  0.0
11.125  11.354166666666666  0.16666666666666607  0.5  0.0
11.125  11.354166666666666  0.5  0.833333333333333  0.0
11.125  11.354166666666666  0.833333333333333  1.166666666666666  0.0
11.125  11.354166666666666  1.166666666666666  1.5  0.0
11.125  11.354166666666666  1.5  1.833333333333333  0.0
11.125  11.354166666666666  1.833333333333333  2.166666666666666  0.0
11.125  11.354166666666666  2.166666666666666  2.5  0.0
11.354166666666666  11.583333333333332  -5.5  -5.166666666666667  0.0
11.354166666666666  11.583333333333332  -5.166666666666667  -4.833333333333333  0.0
11.354166666666666  11.583333333333332  -4.833333333333333  -4.5  0.0
11.354166666666666  11.583333333333332  -4.5  -4.166666666666667  0.0
11.354166666666666  11.583333333333332  -4.166666666666667  -3.8333333333333335  0.0
11.354166666666666  11.583333333333332  -3.8333333333333335  -3.5  0.0
11.354166666666666  11.583333333333332  -3.5  -3.166666666666667  0.0
11.354166666666666  11.583333333333332  -3.166666666666667  -2.8333333333333335  0.0
11.354166666666666  11.583333333333332  -2.8333333333333335  -2.5  0.0
11.354166666666666  11.583333333333332  -2.5  -2.166666666666667  0.0
11.354166666666666  11.583333333333332  -2.166666666666667  -1.8333333333333335  0.0
11.354166666666666  11.583333333333332  -1.8333333333333335  -1.5  0.0
11.354166666666666  11.583333333333332  -1.5  -1.166666666666667  0.0
11.354166666666666  11.583333333333332  -1.166666666666667  -0.8333333333333339  0.0
11.354166666666666  11.583333333333332  -0.8333333333333339  -0.5  0.0
11.354166666666666  11.583333333333332  -0.5  -0.16666666666666696  0.0
11.354166666666666  11.583333333333332  -0.16666666666666696  0.16666666666666607  0.0
11.354166666666666  11.583333333333332  0.16666666666666607  0.5  0.0
11.354166666666666  11.583333333333332  0.5  0.833333333333333  0.0
11.354166666666666  11.583333333333332  0.833333333333333  1.166666666666666  0.0
11.354166666666666  11.583333333333332  1.166666666666666  1.5  0.0
11.354166666666666  11.583333333333332  1.5  1.833333333333333  0.0
11.354166666666666  11.583333333333332  1.833333333333333  2.166666666666666  0.0
11.354166666666666  11.583333333333332  2.166666666666666  2.5  0.0
11.583333333333332  11.8125  -5.5  -5.166666666666667  0.0
11.583333333333332  11.8125  -5.166666666666667  -4.833333333333333  0.0
11.583333333333332  11.8125  -4.833333333333333  -4.5  0.0
11.583333333333332  11.8125  -4.5  -4.166666666666667  0.0
11.583333333333332  11.8125  -4.166666666666667  -3.8333333333333335  0.0
11.583333333333332  11.8125  -3.8333333333333335  -3.5  0.0
11.583333333333332  11.8125  -3.5  -3.166666666666667  0.0
11.583333333333332  11.8125  -3.166666666666667  -2.8333333333333335  0.0
11.583333333333332  11.8125  -2.8333333333333335  -2.5  0.0
11.583333333333332  11.8125  -2.5  -2.166666666666667  0.0
11.583333333333332  11.8125  -2.166666666666667  -1.8333333333333335  0.0
11.583333333333332  11.8125  -1.8333333333333335  -1.5  0.0
11.583333333333332  11.8125  -1.5  -1.166666666666667  0.0
11.583333333333332  11.8125  -1.166666666666667  -0.8333333333333339  0.0
11.583333333333332  11.8125  -0.8333333333333339  -0.5  0.0
11.583333333333332  11.8125  -0.5  -0.16666666666666696  0.0
11.583333333333332  11.8125  -0.16666666666666696  0.16666666666666607  0.0
11.583333333333332  11.8125  0.16666666666666607  0.5  0.0
11.583333333333332  11.8125  0.5  0.833333333333333  0.0
11.583333333333332  11.8125  0.833333333333333  1.166666666666666  0.0
11.583333333333332  11.8125  1.166666666666666  1.5  0.0
11.583333333333332  11.8125  1.5  1.833333333333333  0.0
11.583333333333332  11.8125  1.833333333333333  2.166666666666666  0.0
11.583333333333332  11.8125  2.166666666666666  2.5  0.0
11.8125  12.041666666666666  -5.5  -5.166666666666667  0.0
11.8125  12.041666666666666  -5.166666666666667  -4.833333333333333  0.0
11.8125  12.041666666666666  -4.833333333333333  -4.5  0.0
11.8125  12.041666666666666  -4.5  -4.166666666666667  0.0
11.8125  12.041666666666666  -4.166666666666667  -3.8333333333333335  0.0
11.8125  12.041666666666666  -3.8333333333333335  -3.5  0.0
11.8125  12.041666666666666  -3.5  -3.166666666666667  0.0
11.8125  12.041666666666666  -3.166666666666667  -2.8333333333333335  0.0
11.8125  12.041666666666666  -2.8333333333333335  -2.5  0.0
11.8125  12.041666666666666  -2.5  -2.166666666666667  0.0
11.8125  12.041666666666666  -2.166666666666667  -1.8333333333333335  0.0
11.8125  12.041666666666666  -1.8333333333333335  -1.5  0.0
11.8125  12.041666666666666  -1.5  -1.166666666666667  0.0
11.8125  12.041666666666666  -1.166666666666667  -0.8333333333333339  0.0
11.8125  12.041666666666666  -0.8333333333333339  -0.5  0.0
11.8125  12.041666666666666  -0.5  -0.16666666666666696  0.0
11.8125  12.041666666666666  -0.16666666666666696  0.16666666666666607  0.0
11.8125  12.041666666666666  0.16666666666666607  0.5  0.0
11.8125  12.041666666666666  0.5  0.833333333333333  0.0
11.8125  12.041666666666666  0.833333333333333  1.166666666666666  0.0
11.8125  12.041666666666666  1.166666666666666  1.5  0.0
11.8125  12.041666666666666  1.5  1.833333333333333  0.0
11.8125  12.041666666666666  1.833333333333333  2.166666666666666  0.0
11.8125  12.041666666666666  2.166666666666666  2.5  0.0
12.041666666666666  12.270833333333332  -5.5  -5.166666666666667  0.0
12.041666666666666  12.270833333333332  -5.166666666666667  -4.833333333333333  0.0
12.041666666666666  12.270833333333332  -4.833333333333333  -4.5  0.0
12.041666666666666  12.270833333333332  -4.5  -4.166666666666667  0.0
12.041666666666666  12.270833333333332  -4.166666666666667  -3.8333333333333335  0.0
12.041666666666666  12.270833333333332  -3.8333333333333335  -3.5  0.0
12.041666666666666  12.270833333333332  -3.5  -3.166666666666667  0.0
12.041666666666666  12.270833333333332  -3.166666666666667  -2.8333333333333335  0.0
12.041666666666666  12.270833333333332  -2.8333333333333335  -2.5  0.0
12.041666666666666  12.270833333333332  -2.5  -2.166666666666667  0.0
12.041666666666666  12.270833333333332  -2.166666666666667  -1.8333333333333335  0.0
12.041666666666666  12.270833333333332  -1.8333333333333335  -1.5  0.0
12.041666666666666  12.270833333333332  -1.5  -1.166666666666667  0.0
12.041666666666666  12.270833333333332  -1.166666666666667  -0.8333333333333339  0.0
12.041666666666666  12.270833333333332  -0.8333333333333339  -0.5  0.0
12.041666666666666  12.270833333333332  -0.5  -0.16666666666666696  0.0
12.041666666666666  12.270833333333332  -0.16666666666666696  0.16666666666666607  0.0
12.041666666666666  12.270833333333332  0.16666666666666607  0.5  0.0
12.041666666666666  12.270833333333332  0.5  0.833333333333333  0.0
12.041666666666666  12.270833333333332  0.833333333333333  1.166666666666666  0.0
12.041666666666666  12.270833333333332  1.166666666666666  1.5  0.0
12.041666666666666  12.270833333333332  1.5  1.833333333333333  0.0
12.041666666666666  12.270833333333332  1.833333333333333  2.166666666666666  0.0
12.041666666666666  12.270833333333332  2.166666666666666  2.5  0.0
12.270833333333332  12.5  -5.5  -5.166666666666667  0.0
12.270833333333332  12.5  -5.166666666666667  -4.833333333333333  0.0
12.270833333333332  12.5  -4.833333333333333  -4.5  0.0
12.270833333333332  12.5  -4.5  -4.166666666666667  0.0
12.270833333333332  12.5  -4.166666666666667  -3.8333333333333335  0.0
12.270833333333332  12.5  -3.8333333333333335  -3.5  0.0
12.270833333333332  12.5  -3.5  -3.166666666666667  0.0
12.270833333333332  12.5  -3.166666666666667  -2.8333333333333335  0.0
12.270833333333332  12.5  -2.8333333333333335  -2.5  0.0
12.270833333333332  12.5  -2.5  -2.166666666666667  0.0
12.270833333333332  12.5  -2.166666666666667  -1.8333333333333335  0.0
12.270833333333332  12.5  -1.8333333333333335  -1.5  0.0
12.270833333333332  12.5  -1.5  -1.166666666666667  0.0
12.270833333333332  12.5  -1.166666666666667  -0.8333333333333339  0.0
12.270833333333332  12.5  -0.8333333333333339  -0.5  0.0
12.270833333333332  12.5  -0.5  -0.16666666666666696  0.0
12.270833333333332  12.5  -0.16666666666666696  0.16666666666666607  0.0
12.270833333333332  12.5  0.16666666666666607  0.5  0.0
12.270833333333332  12.5  0.5  0.833333333333333  0.0
12.270833333333332  12.5  0.833333333333333  1.166666666666666  0.0
12.270833333333332  12.5  1.166666666666666  1.5  0.0
12.270833333333332  12.5  1.5  1.833333333333333  0.0
12.270833333333332  12.5  1.833333333333333  2.166666666666666  0.0
12.270833333333332  12.5  2.166666666666666  2.5  0.0
