#logMsmin    logMsmax    logSFRmin    logSFRmax    Prob
7.0  7.229166666666667  -5.5  -5.166666666666667  0.0
7.0  7.229166666666667  -5.166666666666667  -4.833333333333333  0.0
7.0  7.229166666666667  -4.833333333333333  -4.5  0.0
7.0  7.229166666666667  -4.5  -4.166666666666667  0.0
7.0  7.229166666666667  -4.166666666666667  -3.8333333333333335  3.716549122197554e-05
7.0  7.229166666666667  -3.8333333333333335  -3.5  3.587502277676806e-05
7.0  7.229166666666667  -3.5  -3.166666666666667  8.28480741823205e-05
7.0  7.229166666666667  -3.166666666666667  -2.8333333333333335  7.897666884669802e-05
7.0  7.229166666666667  -2.8333333333333335  -2.5  0.00010968981784263616
7.0  7.229166666666667  -2.5  -2.166666666666667  9.394610281110484e-05
7.0  7.229166666666667  -2.166666666666667  -1.8333333333333335  2.9680774239772138e-05
7.0  7.229166666666667  -1.8333333333333335  -1.5  1.548562134248981e-05
7.0  7.229166666666667  -1.5  -1.166666666666667  9.549466494535383e-06
7.0  7.229166666666667  -1.166666666666667  -0.8333333333333339  0.0
7.0  7.229166666666667  -0.8333333333333339  -0.5  0.0
7.0  7.229166666666667  -0.5  -0.16666666666666696  0.0
7.0  7.229166666666667  -0.16666666666666696  0.16666666666666607  0.0
7.0  7.229166666666667  0.16666666666666607  0.5  0.0
7.0  7.229166666666667  0.5  0.833333333333333  0.0
7.0  7.229166666666667  0.833333333333333  1.166666666666666  0.0
7.0  7.229166666666667  1.166666666666666  1.5  0.0
7.0  7.229166666666667  1.5  1.833333333333333  0.0
7.0  7.229166666666667  1.833333333333333  2.166666666666666  0.0
7.0  7.229166666666667  2.166666666666666  2.5  0.0
7.229166666666667  7.458333333333333  -5.5  -5.166666666666667  0.0
7.229166666666667  7.458333333333333  -5.166666666666667  -4.833333333333333  0.0
7.229166666666667  7.458333333333333  -4.833333333333333  -4.5  0.0
7.229166666666667  7.458333333333333  -4.5  -4.166666666666667  0.0
7.229166666666667  7.458333333333333  -4.166666666666667  -3.8333333333333335  8.775185427410893e-06
7.229166666666667  7.458333333333333  -3.8333333333333335  -3.5  5.084445674117487e-05
7.229166666666667  7.458333333333333  -3.5  -3.166666666666667  5.2909206253506845e-05
7.229166666666667  7.458333333333333  -3.166666666666667  -2.8333333333333335  0.0001166583474467566
7.229166666666667  7.458333333333333  -2.8333333333333335  -2.5  0.00018815029931125115
7.229166666666667  7.458333333333333  -2.5  -2.166666666666667  0.00021215301239211042
7.229166666666667  7.458333333333333  -2.166666666666667  -1.8333333333333335  0.00015279146391256613
7.229166666666667  7.458333333333333  -1.8333333333333335  -1.5  1.3678965519199331e-05
7.229166666666667  7.458333333333333  -1.5  -1.166666666666667  1.1872309695908854e-05
7.229166666666667  7.458333333333333  -1.166666666666667  -0.8333333333333339  0.0
7.229166666666667  7.458333333333333  -0.8333333333333339  -0.5  0.0
7.229166666666667  7.458333333333333  -0.5  -0.16666666666666696  0.0
7.229166666666667  7.458333333333333  -0.16666666666666696  0.16666666666666607  0.0
7.229166666666667  7.458333333333333  0.16666666666666607  0.5  0.0
7.229166666666667  7.458333333333333  0.5  0.833333333333333  0.0
7.229166666666667  7.458333333333333  0.833333333333333  1.166666666666666  0.0
7.229166666666667  7.458333333333333  1.166666666666666  1.5  0.0
7.229166666666667  7.458333333333333  1.5  1.833333333333333  0.0
7.229166666666667  7.458333333333333  1.833333333333333  2.166666666666666  0.0
7.229166666666667  7.458333333333333  2.166666666666666  2.5  0.0
7.458333333333333  7.6875  -5.5  -5.166666666666667  0.0
7.458333333333333  7.6875  -5.166666666666667  -4.833333333333333  0.0
7.458333333333333  7.6875  -4.833333333333333  -4.5  0.0
7.458333333333333  7.6875  -4.5  -4.166666666666667  0.0
7.458333333333333  7.6875  -4.166666666666667  -3.8333333333333335  5.600633052200481e-05
7.458333333333333  7.6875  -3.8333333333333335  -3.5  5.084445674117487e-05
7.458333333333333  7.6875  -3.5  -3.166666666666667  2.2454150946610224e-05
7.458333333333333  7.6875  -3.166666666666667  -2.8333333333333335  0.0001478876838207777
7.458333333333333  7.6875  -2.8333333333333335  -2.5  0.0002619650943771193
7.458333333333333  7.6875  -2.5  -2.166666666666667  0.00036726731950605
7.458333333333333  7.6875  -2.166666666666667  -1.8333333333333335  0.00023280050751543015
7.458333333333333  7.6875  -1.8333333333333335  -1.5  0.00019305407940303966
7.458333333333333  7.6875  -1.5  -1.166666666666667  0.0
7.458333333333333  7.6875  -1.166666666666667  -0.8333333333333339  0.0
7.458333333333333  7.6875  -0.8333333333333339  -0.5  0.0
7.458333333333333  7.6875  -0.5  -0.16666666666666696  0.0
7.458333333333333  7.6875  -0.16666666666666696  0.16666666666666607  0.0
7.458333333333333  7.6875  0.16666666666666607  0.5  0.0
7.458333333333333  7.6875  0.5  0.833333333333333  0.0
7.458333333333333  7.6875  0.833333333333333  1.166666666666666  0.0
7.458333333333333  7.6875  1.166666666666666  1.5  0.0
7.458333333333333  7.6875  1.5  1.833333333333333  0.0
7.458333333333333  7.6875  1.833333333333333  2.166666666666666  0.0
7.458333333333333  7.6875  2.166666666666666  2.5  0.0
7.6875  7.916666666666667  -5.5  -5.166666666666667  0.0
7.6875  7.916666666666667  -5.166666666666667  -4.833333333333333  0.0
7.6875  7.916666666666667  -4.833333333333333  -4.5  0.0
7.6875  7.916666666666667  -4.5  -4.166666666666667  0.0
7.6875  7.916666666666667  -4.166666666666667  -3.8333333333333335  8.000904360286402e-06
7.6875  7.916666666666667  -3.8333333333333335  -3.5  3.1487430063062614e-05
7.6875  7.916666666666667  -3.5  -3.166666666666667  3.381027326443608e-05
7.6875  7.916666666666667  -3.166666666666667  -2.8333333333333335  0.000122594502294711
7.6875  7.916666666666667  -2.8333333333333335  -2.5  0.00019460264153728862
7.6875  7.916666666666667  -2.5  -2.166666666666667  0.0004328231165225902
7.6875  7.916666666666667  -2.166666666666667  -1.8333333333333335  0.000616585823120136
7.6875  7.916666666666667  -1.8333333333333335  -1.5  0.00042224127527188885
7.6875  7.916666666666667  -1.5  -1.166666666666667  0.00011020600522071914
7.6875  7.916666666666667  -1.166666666666667  -0.8333333333333339  0.0
7.6875  7.916666666666667  -0.8333333333333339  -0.5  0.0
7.6875  7.916666666666667  -0.5  -0.16666666666666696  0.0
7.6875  7.916666666666667  -0.16666666666666696  0.16666666666666607  0.0
7.6875  7.916666666666667  0.16666666666666607  0.5  0.0
7.6875  7.916666666666667  0.5  0.833333333333333  0.0
7.6875  7.916666666666667  0.833333333333333  1.166666666666666  0.0
7.6875  7.916666666666667  1.166666666666666  1.5  0.0
7.6875  7.916666666666667  1.5  1.833333333333333  0.0
7.6875  7.916666666666667  1.833333333333333  2.166666666666666  0.0
7.6875  7.916666666666667  2.166666666666666  2.5  0.0
7.916666666666667  8.145833333333334  -5.5  -5.166666666666667  0.0
7.916666666666667  8.145833333333334  -5.166666666666667  -4.833333333333333  0.0
7.916666666666667  8.145833333333334  -4.833333333333333  -4.5  0.0
7.916666666666667  8.145833333333334  -4.5  -4.166666666666667  0.0
7.916666666666667  8.145833333333334  -4.166666666666667  -3.8333333333333335  2.8132212105523152e-05
7.916666666666667  8.145833333333334  -3.8333333333333335  -3.5  0.0
7.916666666666667  8.145833333333334  -3.5  -3.166666666666667  0.0
7.916666666666667  8.145833333333334  -3.166666666666667  -2.8333333333333335  4.9295894606925894e-05
7.916666666666667  8.145833333333334  -2.8333333333333335  -2.5  0.0001300792192769144
7.916666666666667  8.145833333333334  -2.5  -2.166666666666667  0.00040365852966090096
7.916666666666667  8.145833333333334  -2.166666666666667  -1.8333333333333335  0.0013962868577144978
7.916666666666667  8.145833333333334  -1.8333333333333335  -1.5  0.0010638621862290498
7.916666666666667  8.145833333333334  -1.5  -1.166666666666667  0.0004341135849677977
7.916666666666667  8.145833333333334  -1.166666666666667  -0.8333333333333339  0.00019847404687291107
7.916666666666667  8.145833333333334  -0.8333333333333339  -0.5  0.0
7.916666666666667  8.145833333333334  -0.5  -0.16666666666666696  0.0
7.916666666666667  8.145833333333334  -0.16666666666666696  0.16666666666666607  0.0
7.916666666666667  8.145833333333334  0.16666666666666607  0.5  0.0
7.916666666666667  8.145833333333334  0.5  0.833333333333333  0.0
7.916666666666667  8.145833333333334  0.833333333333333  1.166666666666666  0.0
7.916666666666667  8.145833333333334  1.166666666666666  1.5  0.0
7.916666666666667  8.145833333333334  1.5  1.833333333333333  0.0
7.916666666666667  8.145833333333334  1.833333333333333  2.166666666666666  0.0
7.916666666666667  8.145833333333334  2.166666666666666  2.5  0.0
8.145833333333334  8.375  -5.5  -5.166666666666667  0.0
8.145833333333334  8.375  -5.166666666666667  -4.833333333333333  0.0
8.145833333333334  8.375  -4.833333333333333  -4.5  0.0
8.145833333333334  8.375  -4.5  -4.166666666666667  0.0
8.145833333333334  8.375  -4.166666666666667  -3.8333333333333335  0.0
8.145833333333334  8.375  -3.8333333333333335  -3.5  0.0
8.145833333333334  8.375  -3.5  -3.166666666666667  2.090558881236124e-05
8.145833333333334  8.375  -3.166666666666667  -2.8333333333333335  0.0
8.145833333333334  8.375  -2.8333333333333335  -2.5  0.00013291824985637085
8.145833333333334  8.375  -2.5  -2.166666666666667  0.00012285259598375248
8.145833333333334  8.375  -2.166666666666667  -1.8333333333333335  0.0014094496358556142
8.145833333333334  8.375  -1.8333333333333335  -1.5  0.002134692902062221
8.145833333333334  8.375  -1.5  -1.166666666666667  0.003319601028451732
8.145833333333334  8.375  -1.166666666666667  -0.8333333333333339  0.0009306858426836376
8.145833333333334  8.375  -0.8333333333333339  -0.5  5.8845361101461277e-05
8.145833333333334  8.375  -0.5  -0.16666666666666696  0.0
8.145833333333334  8.375  -0.16666666666666696  0.16666666666666607  0.0
8.145833333333334  8.375  0.16666666666666607  0.5  0.0
8.145833333333334  8.375  0.5  0.833333333333333  0.0
8.145833333333334  8.375  0.833333333333333  1.166666666666666  0.0
8.145833333333334  8.375  1.166666666666666  1.5  0.0
8.145833333333334  8.375  1.5  1.833333333333333  0.0
8.145833333333334  8.375  1.833333333333333  2.166666666666666  0.0
8.145833333333334  8.375  2.166666666666666  2.5  0.0
8.375  8.604166666666666  -5.5  -5.166666666666667  0.0
8.375  8.604166666666666  -5.166666666666667  -4.833333333333333  0.0
8.375  8.604166666666666  -4.833333333333333  -4.5  0.0
8.375  8.604166666666666  -4.5  -4.166666666666667  0.0
8.375  8.604166666666666  -4.166666666666667  -3.8333333333333335  0.0
8.375  8.604166666666666  -3.8333333333333335  -3.5  0.0
8.375  8.604166666666666  -3.5  -3.166666666666667  0.0
8.375  8.604166666666666  -3.166666666666667  -2.8333333333333335  0.0
8.375  8.604166666666666  -2.8333333333333335  -2.5  8.181569942615449e-05
8.375  8.604166666666666  -2.5  -2.166666666666667  0.00030971242684979614
8.375  8.604166666666666  -2.166666666666667  -1.8333333333333335  0.0013451843072842815
8.375  8.604166666666666  -1.8333333333333335  -1.5  0.0025546113341327354
8.375  8.604166666666666  -1.5  -1.166666666666667  0.005339442238890485
8.375  8.604166666666666  -1.166666666666667  -0.8333333333333339  0.0028769703517455654
8.375  8.604166666666666  -0.8333333333333339  -0.5  0.0001401448731495328
8.375  8.604166666666666  -0.5  -0.16666666666666696  0.0
8.375  8.604166666666666  -0.16666666666666696  0.16666666666666607  0.0
8.375  8.604166666666666  0.16666666666666607  0.5  0.0
8.375  8.604166666666666  0.5  0.833333333333333  0.0
8.375  8.604166666666666  0.833333333333333  1.166666666666666  0.0
8.375  8.604166666666666  1.166666666666666  1.5  0.0
8.375  8.604166666666666  1.5  1.833333333333333  0.0
8.375  8.604166666666666  1.833333333333333  2.166666666666666  0.0
8.375  8.604166666666666  2.166666666666666  2.5  0.0
8.604166666666666  8.833333333333334  -5.5  -5.166666666666667  0.0
8.604166666666666  8.833333333333334  -5.166666666666667  -4.833333333333333  0.0
8.604166666666666  8.833333333333334  -4.833333333333333  -4.5  0.0
8.604166666666666  8.833333333333334  -4.5  -4.166666666666667  0.0
8.604166666666666  8.833333333333334  -4.166666666666667  -3.8333333333333335  0.0
8.604166666666666  8.833333333333334  -3.8333333333333335  -3.5  0.0
8.604166666666666  8.833333333333334  -3.5  -3.166666666666667  8.052523098094701e-05
8.604166666666666  8.833333333333334  -3.166666666666667  -2.8333333333333335  0.0
8.604166666666666  8.833333333333334  -2.8333333333333335  -2.5  0.0
8.604166666666666  8.833333333333334  -2.5  -2.166666666666667  0.0
8.604166666666666  8.833333333333334  -2.166666666666667  -1.8333333333333335  0.0004885713533555535
8.604166666666666  8.833333333333334  -1.8333333333333335  -1.5  0.0010501832207098507
8.604166666666666  8.833333333333334  -1.5  -1.166666666666667  0.006160180170042445
8.604166666666666  8.833333333333334  -1.166666666666667  -0.8333333333333339  0.005654058445832071
8.604166666666666  8.833333333333334  -0.8333333333333339  -0.5  0.0027641834096344313
8.604166666666666  8.833333333333334  -0.5  -0.16666666666666696  0.0
8.604166666666666  8.833333333333334  -0.16666666666666696  0.16666666666666607  0.0
8.604166666666666  8.833333333333334  0.16666666666666607  0.5  0.0
8.604166666666666  8.833333333333334  0.5  0.833333333333333  0.0
8.604166666666666  8.833333333333334  0.833333333333333  1.166666666666666  0.0
8.604166666666666  8.833333333333334  1.166666666666666  1.5  0.0
8.604166666666666  8.833333333333334  1.5  1.833333333333333  0.0
8.604166666666666  8.833333333333334  1.833333333333333  2.166666666666666  0.0
8.604166666666666  8.833333333333334  2.166666666666666  2.5  0.0
8.833333333333334  9.0625  -5.5  -5.166666666666667  0.0
8.833333333333334  9.0625  -5.166666666666667  -4.833333333333333  0.0
8.833333333333334  9.0625  -4.833333333333333  -4.5  0.0
8.833333333333334  9.0625  -4.5  -4.166666666666667  0.0
8.833333333333334  9.0625  -4.166666666666667  -3.8333333333333335  0.0
8.833333333333334  9.0625  -3.8333333333333335  -3.5  0.0
8.833333333333334  9.0625  -3.5  -3.166666666666667  0.0
8.833333333333334  9.0625  -3.166666666666667  -2.8333333333333335  0.0001380801236372008
8.833333333333334  9.0625  -2.8333333333333335  -2.5  0.0
8.833333333333334  9.0625  -2.5  -2.166666666666667  0.0
8.833333333333334  9.0625  -2.166666666666667  -1.8333333333333335  0.0
8.833333333333334  9.0625  -1.8333333333333335  -1.5  0.0
8.833333333333334  9.0625  -1.5  -1.166666666666667  0.0028836807876606446
8.833333333333334  9.0625  -1.166666666666667  -0.8333333333333339  0.012764797672614351
8.833333333333334  9.0625  -0.8333333333333339  -0.5  0.010453826780936787
8.833333333333334  9.0625  -0.5  -0.16666666666666696  0.0017098706898999165
8.833333333333334  9.0625  -0.16666666666666696  0.16666666666666607  0.0
8.833333333333334  9.0625  0.16666666666666607  0.5  0.0
8.833333333333334  9.0625  0.5  0.833333333333333  0.0
8.833333333333334  9.0625  0.833333333333333  1.166666666666666  0.0
8.833333333333334  9.0625  1.166666666666666  1.5  0.0
8.833333333333334  9.0625  1.5  1.833333333333333  0.0
8.833333333333334  9.0625  1.833333333333333  2.166666666666666  0.0
8.833333333333334  9.0625  2.166666666666666  2.5  0.0
9.0625  9.291666666666666  -5.5  -5.166666666666667  0.0
9.0625  9.291666666666666  -5.166666666666667  -4.833333333333333  0.0
9.0625  9.291666666666666  -4.833333333333333  -4.5  0.0
9.0625  9.291666666666666  -4.5  -4.166666666666667  0.0
9.0625  9.291666666666666  -4.166666666666667  -3.8333333333333335  0.0
9.0625  9.291666666666666  -3.8333333333333335  -3.5  0.0
9.0625  9.291666666666666  -3.5  -3.166666666666667  0.00026119081330999483
9.0625  9.291666666666666  -3.166666666666667  -2.8333333333333335  0.0
9.0625  9.291666666666666  -2.8333333333333335  -2.5  0.0
9.0625  9.291666666666666  -2.5  -2.166666666666667  0.0
9.0625  9.291666666666666  -2.166666666666667  -1.8333333333333335  0.0009451390892699612
9.0625  9.291666666666666  -1.8333333333333335  -1.5  0.0015307536697051175
9.0625  9.291666666666666  -1.5  -1.166666666666667  0.0021852792651143537
9.0625  9.291666666666666  -1.166666666666667  -0.8333333333333339  0.006766700339289964
9.0625  9.291666666666666  -0.8333333333333339  -0.5  0.02572703701734544
9.0625  9.291666666666666  -0.5  -0.16666666666666696  0.009353573384552887
9.0625  9.291666666666666  -0.16666666666666696  0.16666666666666607  0.0013588632728034808
9.0625  9.291666666666666  0.16666666666666607  0.5  0.0
9.0625  9.291666666666666  0.5  0.833333333333333  0.0
9.0625  9.291666666666666  0.833333333333333  1.166666666666666  0.0
9.0625  9.291666666666666  1.166666666666666  1.5  0.0
9.0625  9.291666666666666  1.5  1.833333333333333  0.0
9.0625  9.291666666666666  1.833333333333333  2.166666666666666  0.0
9.0625  9.291666666666666  2.166666666666666  2.5  0.0
9.291666666666666  9.520833333333332  -5.5  -5.166666666666667  0.0
9.291666666666666  9.520833333333332  -5.166666666666667  -4.833333333333333  0.0
9.291666666666666  9.520833333333332  -4.833333333333333  -4.5  0.0
9.291666666666666  9.520833333333332  -4.5  -4.166666666666667  0.0
9.291666666666666  9.520833333333332  -4.166666666666667  -3.8333333333333335  0.0
9.291666666666666  9.520833333333332  -3.8333333333333335  -3.5  0.0
9.291666666666666  9.520833333333332  -3.5  -3.166666666666667  0.0
9.291666666666666  9.520833333333332  -3.166666666666667  -2.8333333333333335  0.0
9.291666666666666  9.520833333333332  -2.8333333333333335  -2.5  0.0
9.291666666666666  9.520833333333332  -2.5  -2.166666666666667  0.0
9.291666666666666  9.520833333333332  -2.166666666666667  -1.8333333333333335  0.0
9.291666666666666  9.520833333333332  -1.8333333333333335  -1.5  0.0
9.291666666666666  9.520833333333332  -1.5  -1.166666666666667  0.0006743988094654312
9.291666666666666  9.520833333333332  -1.166666666666667  -0.8333333333333339  0.0031905541839309837
9.291666666666666  9.520833333333332  -0.8333333333333339  -0.5  0.004557160267405709
9.291666666666666  9.520833333333332  -0.5  -0.16666666666666696  0.02793864183874203
9.291666666666666  9.520833333333332  -0.16666666666666696  0.16666666666666607  0.006176440072452061
9.291666666666666  9.520833333333332  0.16666666666666607  0.5  0.0
9.291666666666666  9.520833333333332  0.5  0.833333333333333  0.0
9.291666666666666  9.520833333333332  0.833333333333333  1.166666666666666  0.0
9.291666666666666  9.520833333333332  1.166666666666666  1.5  0.0
9.291666666666666  9.520833333333332  1.5  1.833333333333333  0.0
9.291666666666666  9.520833333333332  1.833333333333333  2.166666666666666  0.0
9.291666666666666  9.520833333333332  2.166666666666666  2.5  0.0
9.520833333333332  9.75  -5.5  -5.166666666666667  0.0
9.520833333333332  9.75  -5.166666666666667  -4.833333333333333  0.0
9.520833333333332  9.75  -4.833333333333333  -4.5  0.0
9.520833333333332  9.75  -4.5  -4.166666666666667  0.0
9.520833333333332  9.75  -4.166666666666667  -3.8333333333333335  0.0
9.520833333333332  9.75  -3.8333333333333335  -3.5  0.0
9.520833333333332  9.75  -3.5  -3.166666666666667  0.0
9.520833333333332  9.75  -3.166666666666667  -2.8333333333333335  0.0
9.520833333333332  9.75  -2.8333333333333335  -2.5  0.0
9.520833333333332  9.75  -2.5  -2.166666666666667  0.0
9.520833333333332  9.75  -2.166666666666667  -1.8333333333333335  0.0
9.520833333333332  9.75  -1.8333333333333335  -1.5  0.0
9.520833333333332  9.75  -1.5  -1.166666666666667  0.00338825394973677
9.520833333333332  9.75  -1.166666666666667  -0.8333333333333339  0.001471134027536532
9.520833333333332  9.75  -0.8333333333333339  -0.5  0.001398867794604913
9.520833333333332  9.75  -0.5  -0.16666666666666696  0.024820095794053625
9.520833333333332  9.75  -0.16666666666666696  0.16666666666666607  0.03128121320551846
9.520833333333332  9.75  0.16666666666666607  0.5  0.0
9.520833333333332  9.75  0.5  0.833333333333333  0.0
9.520833333333332  9.75  0.833333333333333  1.166666666666666  0.0
9.520833333333332  9.75  1.166666666666666  1.5  0.0
9.520833333333332  9.75  1.5  1.833333333333333  0.0
9.520833333333332  9.75  1.833333333333333  2.166666666666666  0.0
9.520833333333332  9.75  2.166666666666666  2.5  0.0
9.75  9.979166666666666  -5.5  -5.166666666666667  0.0
9.75  9.979166666666666  -5.166666666666667  -4.833333333333333  0.0
9.75  9.979166666666666  -4.833333333333333  -4.5  0.0
9.75  9.979166666666666  -4.5  -4.166666666666667  0.0
9.75  9.979166666666666  -4.166666666666667  -3.8333333333333335  0.0
9.75  9.979166666666666  -3.8333333333333335  -3.5  0.0
9.75  9.979166666666666  -3.5  -3.166666666666667  0.0
9.75  9.979166666666666  -3.166666666666667  -2.8333333333333335  0.0
9.75  9.979166666666666  -2.8333333333333335  -2.5  0.0012543353287416746
9.75  9.979166666666666  -2.5  -2.166666666666667  0.0
9.75  9.979166666666666  -2.166666666666667  -1.8333333333333335  0.0
9.75  9.979166666666666  -1.8333333333333335  -1.5  0.0
9.75  9.979166666666666  -1.5  -1.166666666666667  0.0023987227459516714
9.75  9.979166666666666  -1.166666666666667  -0.8333333333333339  0.001665478575384779
9.75  9.979166666666666  -0.8333333333333339  -0.5  0.0018765992130207233
9.75  9.979166666666666  -0.5  -0.16666666666666696  0.027617057102196325
9.75  9.979166666666666  -0.16666666666666696  0.16666666666666607  0.07133115949622176
9.75  9.979166666666666  0.16666666666666607  0.5  0.009185296299297832
9.75  9.979166666666666  0.5  0.833333333333333  0.0
9.75  9.979166666666666  0.833333333333333  1.166666666666666  0.0
9.75  9.979166666666666  1.166666666666666  1.5  0.0
9.75  9.979166666666666  1.5  1.833333333333333  0.0
9.75  9.979166666666666  1.833333333333333  2.166666666666666  0.0
9.75  9.979166666666666  2.166666666666666  2.5  0.0
9.979166666666666  10.208333333333332  -5.5  -5.166666666666667  0.0
9.979166666666666  10.208333333333332  -5.166666666666667  -4.833333333333333  0.0
9.979166666666666  10.208333333333332  -4.833333333333333  -4.5  0.0
9.979166666666666  10.208333333333332  -4.5  -4.166666666666667  0.0
9.979166666666666  10.208333333333332  -4.166666666666667  -3.8333333333333335  0.0
9.979166666666666  10.208333333333332  -3.8333333333333335  -3.5  0.0
9.979166666666666  10.208333333333332  -3.5  -3.166666666666667  0.0
9.979166666666666  10.208333333333332  -3.166666666666667  -2.8333333333333335  0.0
9.979166666666666  10.208333333333332  -2.8333333333333335  -2.5  0.0
9.979166666666666  10.208333333333332  -2.5  -2.166666666666667  0.0013155035330445093
9.979166666666666  10.208333333333332  -2.166666666666667  -1.8333333333333335  0.0
9.979166666666666  10.208333333333332  -1.8333333333333335  -1.5  0.0013477652441746964
9.979166666666666  10.208333333333332  -1.5  -1.166666666666667  0.0
9.979166666666666  10.208333333333332  -1.166666666666667  -0.8333333333333339  0.0013467328694185304
9.979166666666666  10.208333333333332  -0.8333333333333339  -0.5  0.0025917768253547113
9.979166666666666  10.208333333333332  -0.5  -0.16666666666666696  0.021609926489755488
9.979166666666666  10.208333333333332  -0.16666666666666696  0.16666666666666607  0.07785060608140998
9.979166666666666  10.208333333333332  0.16666666666666607  0.5  0.0506039134229882
9.979166666666666  10.208333333333332  0.5  0.833333333333333  0.0
9.979166666666666  10.208333333333332  0.833333333333333  1.166666666666666  0.012953980346681767
9.979166666666666  10.208333333333332  1.166666666666666  1.5  0.0
9.979166666666666  10.208333333333332  1.5  1.833333333333333  0.0
9.979166666666666  10.208333333333332  1.833333333333333  2.166666666666666  0.0
9.979166666666666  10.208333333333332  2.166666666666666  2.5  0.0
10.208333333333332  10.4375  -5.5  -5.166666666666667  0.0
10.208333333333332  10.4375  -5.166666666666667  -4.833333333333333  0.0
10.208333333333332  10.4375  -4.833333333333333  -4.5  0.0
10.208333333333332  10.4375  -4.5  -4.166666666666667  0.0
10.208333333333332  10.4375  -4.166666666666667  -3.8333333333333335  0.0
10.208333333333332  10.4375  -3.8333333333333335  -3.5  0.0
10.208333333333332  10.4375  -3.5  -3.166666666666667  0.0
10.208333333333332  10.4375  -3.166666666666667  -2.8333333333333335  0.0
10.208333333333332  10.4375  -2.8333333333333335  -2.5  0.0
10.208333333333332  10.4375  -2.5  -2.166666666666667  0.0
10.208333333333332  10.4375  -2.166666666666667  -1.8333333333333335  0.0
10.208333333333332  10.4375  -1.8333333333333335  -1.5  0.0
10.208333333333332  10.4375  -1.5  -1.166666666666667  0.0
10.208333333333332  10.4375  -1.166666666666667  -0.8333333333333339  0.010263869825802246
10.208333333333332  10.4375  -0.8333333333333339  -0.5  0.007560338433092567
10.208333333333332  10.4375  -0.5  -0.16666666666666696  0.023253209007882702
10.208333333333332  10.4375  -0.16666666666666696  0.16666666666666607  0.030203672053770208
10.208333333333332  10.4375  0.16666666666666607  0.5  0.083840186322996
10.208333333333332  10.4375  0.5  0.833333333333333  0.0
10.208333333333332  10.4375  0.833333333333333  1.166666666666666  0.0
10.208333333333332  10.4375  1.166666666666666  1.5  0.0
10.208333333333332  10.4375  1.5  1.833333333333333  0.0
10.208333333333332  10.4375  1.833333333333333  2.166666666666666  0.0
10.208333333333332  10.4375  2.166666666666666  2.5  0.0
10.4375  10.666666666666666  -5.5  -5.166666666666667  0.0
10.4375  10.666666666666666  -5.166666666666667  -4.833333333333333  0.0
10.4375  10.666666666666666  -4.833333333333333  -4.5  0.0
10.4375  10.666666666666666  -4.5  -4.166666666666667  0.0
10.4375  10.666666666666666  -4.166666666666667  -3.8333333333333335  0.0
10.4375  10.666666666666666  -3.8333333333333335  -3.5  0.0
10.4375  10.666666666666666  -3.5  -3.166666666666667  0.0
10.4375  10.666666666666666  -3.166666666666667  -2.8333333333333335  0.0
10.4375  10.666666666666666  -2.8333333333333335  -2.5  0.0
10.4375  10.666666666666666  -2.5  -2.166666666666667  0.0
10.4375  10.666666666666666  -2.166666666666667  -1.8333333333333335  0.0
10.4375  10.666666666666666  -1.8333333333333335  -1.5  0.00446579510148502
10.4375  10.666666666666666  -1.5  -1.166666666666667  0.0
10.4375  10.666666666666666  -1.166666666666667  -0.8333333333333339  0.0
10.4375  10.666666666666666  -0.8333333333333339  -0.5  0.004002775023344575
10.4375  10.666666666666666  -0.5  -0.16666666666666696  0.0038974727982156437
10.4375  10.666666666666666  -0.16666666666666696  0.16666666666666607  0.005601665426956647
10.4375  10.666666666666666  0.16666666666666607  0.5  0.07925721668668613
10.4375  10.666666666666666  0.5  0.833333333333333  0.04314629627813415
10.4375  10.666666666666666  0.833333333333333  1.166666666666666  0.024042975696349677
10.4375  10.666666666666666  1.166666666666666  1.5  0.0
10.4375  10.666666666666666  1.5  1.833333333333333  0.0
10.4375  10.666666666666666  1.833333333333333  2.166666666666666  0.0
10.4375  10.666666666666666  2.166666666666666  2.5  0.0
10.666666666666666  10.895833333333332  -5.5  -5.166666666666667  0.0
10.666666666666666  10.895833333333332  -5.166666666666667  -4.833333333333333  0.0
10.666666666666666  10.895833333333332  -4.833333333333333  -4.5  0.0
10.666666666666666  10.895833333333332  -4.5  -4.166666666666667  0.0
10.666666666666666  10.895833333333332  -4.166666666666667  -3.8333333333333335  0.0
10.666666666666666  10.895833333333332  -3.8333333333333335  -3.5  0.0
10.666666666666666  10.895833333333332  -3.5  -3.166666666666667  0.0
10.666666666666666  10.895833333333332  -3.166666666666667  -2.8333333333333335  0.0
10.666666666666666  10.895833333333332  -2.8333333333333335  -2.5  0.0
10.666666666666666  10.895833333333332  -2.5  -2.166666666666667  0.0
10.666666666666666  10.895833333333332  -2.166666666666667  -1.8333333333333335  0.0
10.666666666666666  10.895833333333332  -1.8333333333333335  -1.5  0.0
10.666666666666666  10.895833333333332  -1.5  -1.166666666666667  0.0047184688230566445
10.666666666666666  10.895833333333332  -1.166666666666667  -0.8333333333333339  0.007046473898210947
10.666666666666666  10.895833333333332  -0.8333333333333339  -0.5  0.00918839342356633
10.666666666666666  10.895833333333332  -0.5  -0.16666666666666696  0.008245835271186781
10.666666666666666  10.895833333333332  -0.16666666666666696  0.16666666666666607  0.0
10.666666666666666  10.895833333333332  0.16666666666666607  0.5  0.09453713735900987
10.666666666666666  10.895833333333332  0.5  0.833333333333333  0.0
10.666666666666666  10.895833333333332  0.833333333333333  1.166666666666666  0.0
10.666666666666666  10.895833333333332  1.166666666666666  1.5  0.0
10.666666666666666  10.895833333333332  1.5  1.833333333333333  0.0
10.666666666666666  10.895833333333332  1.833333333333333  2.166666666666666  0.0
10.666666666666666  10.895833333333332  2.166666666666666  2.5  0.0
10.895833333333332  11.125  -5.5  -5.166666666666667  0.0
10.895833333333332  11.125  -5.166666666666667  -4.833333333333333  0.0
10.895833333333332  11.125  -4.833333333333333  -4.5  0.0
10.895833333333332  11.125  -4.5  -4.166666666666667  0.0
10.895833333333332  11.125  -4.166666666666667  -3.8333333333333335  0.0
10.895833333333332  11.125  -3.8333333333333335  -3.5  0.0
10.895833333333332  11.125  -3.5  -3.166666666666667  0.0
10.895833333333332  11.125  -3.166666666666667  -2.8333333333333335  0.0
10.895833333333332  11.125  -2.8333333333333335  -2.5  0.0
10.895833333333332  11.125  -2.5  -2.166666666666667  0.0
10.895833333333332  11.125  -2.166666666666667  -1.8333333333333335  0.0
10.895833333333332  11.125  -1.8333333333333335  -1.5  0.0
10.895833333333332  11.125  -1.5  -1.166666666666667  0.0
10.895833333333332  11.125  -1.166666666666667  -0.8333333333333339  0.0
10.895833333333332  11.125  -0.8333333333333339  -0.5  0.0
10.895833333333332  11.125  -0.5  -0.16666666666666696  0.0
10.895833333333332  11.125  -0.16666666666666696  0.16666666666666607  0.0
10.895833333333332  11.125  0.16666666666666607  0.5  0.045518693467803586
10.895833333333332  11.125  0.5  0.833333333333333  0.0
10.895833333333332  11.125  0.833333333333333  1.166666666666666  0.0
10.895833333333332  11.125  1.166666666666666  1.5  0.0
10.895833333333332  11.125  1.5  1.833333333333333  0.0
10.895833333333332  11.125  1.833333333333333  2.166666666666666  0.0
10.895833333333332  11.125  2.166666666666666  2.5  0.0
11.125  11.354166666666666  -5.5  -5.166666666666667  0.0
11.125  11.354166666666666  -5.166666666666667  -4.833333333333333  0.0
11.125  11.354166666666666  -4.833333333333333  -4.5  0.0
11.125  11.354166666666666  -4.5  -4.166666666666667  0.0
11.125  11.354166666666666  -4.166666666666667  -3.8333333333333335  0.0
11.125  11.354166666666666  -3.8333333333333335  -3.5  0.0
11.125  11.354166666666666  -3.5  -3.166666666666667  0.0
11.125  11.354166666666666  -3.166666666666667  -2.8333333333333335  0.0
11.125  11.354166666666666  -2.8333333333333335  -2.5  0.0
11.125  11.354166666666666  -2.5  -2.166666666666667  0.0
11.125  11.354166666666666  -2.166666666666667  -1.8333333333333335  0.0
11.125  11.354166666666666  -1.8333333333333335  -1.5  0.0
11.125  11.354166666666666  -1.5  -1.166666666666667  0.0
11.125  11.354166666666666  -1.166666666666667  -0.8333333333333339  0.0
11.125  11.354166666666666  -0.8333333333333339  -0.5  0.0
11.125  11.354166666666666  -0.5  -0.16666666666666696  0.0
11.125  11.354166666666666  -0.16666666666666696  0.16666666666666607  0.0
11.125  11.354166666666666  0.16666666666666607  0.5  0.0
11.125  11.354166666666666  0.5  0.833333333333333  0.0
11.125  11.354166666666666  0.833333333333333  1.166666666666666  0.0
11.125  11.354166666666666  1.166666666666666  1.5  0.0
11.125  11.354166666666666  1.5  1.833333333333333  0.0
11.125  11.354166666666666  1.833333333333333  2.166666666666666  0.0
11.125  11.354166666666666  2.166666666666666  2.5  0.0
11.354166666666666  11.583333333333332  -5.5  -5.166666666666667  0.0
11.354166666666666  11.583333333333332  -5.166666666666667  -4.833333333333333  0.0
11.354166666666666  11.583333333333332  -4.833333333333333  -4.5  0.0
11.354166666666666  11.583333333333332  -4.5  -4.166666666666667  0.0
11.354166666666666  11.583333333333332  -4.166666666666667  -3.8333333333333335  0.0
11.354166666666666  11.583333333333332  -3.8333333333333335  -3.5  0.0
11.354166666666666  11.583333333333332  -3.5  -3.166666666666667  0.0
11.354166666666666  11.583333333333332  -3.166666666666667  -2.8333333333333335  0.0
11.354166666666666  11.583333333333332  -2.8333333333333335  -2.5  0.0
11.354166666666666  11.583333333333332  -2.5  -2.166666666666667  0.0
11.354166666666666  11.583333333333332  -2.166666666666667  -1.8333333333333335  0.0
11.354166666666666  11.583333333333332  -1.8333333333333335  -1.5  0.0
11.354166666666666  11.583333333333332  -1.5  -1.166666666666667  0.0
11.354166666666666  11.583333333333332  -1.166666666666667  -0.8333333333333339  0.0
11.354166666666666  11.583333333333332  -0.8333333333333339  -0.5  0.0
11.354166666666666  11.583333333333332  -0.5  -0.16666666666666696  0.0
11.354166666666666  11.583333333333332  -0.16666666666666696  0.16666666666666607  0.0
11.354166666666666  11.583333333333332  0.16666666666666607  0.5  0.0
11.354166666666666  11.583333333333332  0.5  0.833333333333333  0.0
11.354166666666666  11.583333333333332  0.833333333333333  1.166666666666666  0.0
11.354166666666666  11.583333333333332  1.166666666666666  1.5  0.0
11.354166666666666  11.583333333333332  1.5  1.833333333333333  0.0
11.354166666666666  11.583333333333332  1.833333333333333  2.166666666666666  0.0
11.354166666666666  11.583333333333332  2.166666666666666  2.5  0.0
11.583333333333332  11.8125  -5.5  -5.166666666666667  0.0
11.583333333333332  11.8125  -5.166666666666667  -4.833333333333333  0.0
11.583333333333332  11.8125  -4.833333333333333  -4.5  0.0
11.583333333333332  11.8125  -4.5  -4.166666666666667  0.0
11.583333333333332  11.8125  -4.166666666666667  -3.8333333333333335  0.0
11.583333333333332  11.8125  -3.8333333333333335  -3.5  0.0
11.583333333333332  11.8125  -3.5  -3.166666666666667  0.0
11.583333333333332  11.8125  -3.166666666666667  -2.8333333333333335  0.0
11.583333333333332  11.8125  -2.8333333333333335  -2.5  0.0
11.583333333333332  11.8125  -2.5  -2.166666666666667  0.0
11.583333333333332  11.8125  -2.166666666666667  -1.8333333333333335  0.0
11.583333333333332  11.8125  -1.8333333333333335  -1.5  0.0
11.583333333333332  11.8125  -1.5  -1.166666666666667  0.0
11.583333333333332  11.8125  -1.166666666666667  -0.8333333333333339  0.0
11.583333333333332  11.8125  -0.8333333333333339  -0.5  0.0
11.583333333333332  11.8125  -0.5  -0.16666666666666696  0.0
11.583333333333332  11.8125  -0.16666666666666696  0.16666666666666607  0.0
11.583333333333332  11.8125  0.16666666666666607  0.5  0.0
11.583333333333332  11.8125  0.5  0.833333333333333  0.0
11.583333333333332  11.8125  0.833333333333333  1.166666666666666  0.0
11.583333333333332  11.8125  1.166666666666666  1.5  0.0
11.583333333333332  11.8125  1.5  1.833333333333333  0.0
11.583333333333332  11.8125  1.833333333333333  2.166666666666666  0.0
11.583333333333332  11.8125  2.166666666666666  2.5  0.0
11.8125  12.041666666666666  -5.5  -5.166666666666667  0.0
11.8125  12.041666666666666  -5.166666666666667  -4.833333333333333  0.0
11.8125  12.041666666666666  -4.833333333333333  -4.5  0.0
11.8125  12.041666666666666  -4.5  -4.166666666666667  0.0
11.8125  12.041666666666666  -4.166666666666667  -3.8333333333333335  0.0
11.8125  12.041666666666666  -3.8333333333333335  -3.5  0.0
11.8125  12.041666666666666  -3.5  -3.166666666666667  0.0
11.8125  12.041666666666666  -3.166666666666667  -2.8333333333333335  0.0
11.8125  12.041666666666666  -2.8333333333333335  -2.5  0.0
11.8125  12.041666666666666  -2.5  -2.166666666666667  0.0
11.8125  12.041666666666666  -2.166666666666667  -1.8333333333333335  0.0
11.8125  12.041666666666666  -1.8333333333333335  -1.5  0.0
11.8125  12.041666666666666  -1.5  -1.166666666666667  0.0
11.8125  12.041666666666666  -1.166666666666667  -0.8333333333333339  0.0
11.8125  12.041666666666666  -0.8333333333333339  -0.5  0.0
11.8125  12.041666666666666  -0.5  -0.16666666666666696  0.0
11.8125  12.041666666666666  -0.16666666666666696  0.16666666666666607  0.0
11.8125  12.041666666666666  0.16666666666666607  0.5  0.0
11.8125  12.041666666666666  0.5  0.833333333333333  0.0
11.8125  12.041666666666666  0.833333333333333  1.166666666666666  0.0
11.8125  12.041666666666666  1.166666666666666  1.5  0.0
11.8125  12.041666666666666  1.5  1.833333333333333  0.0
11.8125  12.041666666666666  1.833333333333333  2.166666666666666  0.0
11.8125  12.041666666666666  2.166666666666666  2.5  0.0
12.041666666666666  12.270833333333332  -5.5  -5.166666666666667  0.0
12.041666666666666  12.270833333333332  -5.166666666666667  -4.833333333333333  0.0
12.041666666666666  12.270833333333332  -4.833333333333333  -4.5  0.0
12.041666666666666  12.270833333333332  -4.5  -4.166666666666667  0.0
12.041666666666666  12.270833333333332  -4.166666666666667  -3.8333333333333335  0.0
12.041666666666666  12.270833333333332  -3.8333333333333335  -3.5  0.0
12.041666666666666  12.270833333333332  -3.5  -3.166666666666667  0.0
12.041666666666666  12.270833333333332  -3.166666666666667  -2.8333333333333335  0.0
12.041666666666666  12.270833333333332  -2.8333333333333335  -2.5  0.0
12.041666666666666  12.270833333333332  -2.5  -2.166666666666667  0.0
12.041666666666666  12.270833333333332  -2.166666666666667  -1.8333333333333335  0.0
12.041666666666666  12.270833333333332  -1.8333333333333335  -1.5  0.0
12.041666666666666  12.270833333333332  -1.5  -1.166666666666667  0.0
12.041666666666666  12.270833333333332  -1.166666666666667  -0.8333333333333339  0.0
12.041666666666666  12.270833333333332  -0.8333333333333339  -0.5  0.0
12.041666666666666  12.270833333333332  -0.5  -0.16666666666666696  0.0
12.041666666666666  12.270833333333332  -0.16666666666666696  0.16666666666666607  0.0
12.041666666666666  12.270833333333332  0.16666666666666607  0.5  0.0
12.041666666666666  12.270833333333332  0.5  0.833333333333333  0.0
12.041666666666666  12.270833333333332  0.833333333333333  1.166666666666666  0.0
12.041666666666666  12.270833333333332  1.166666666666666  1.5  0.0
12.041666666666666  12.270833333333332  1.5  1.833333333333333  0.0
12.041666666666666  12.270833333333332  1.833333333333333  2.166666666666666  0.0
12.041666666666666  12.270833333333332  2.166666666666666  2.5  0.0
12.270833333333332  12.5  -5.5  -5.166666666666667  0.0
12.270833333333332  12.5  -5.166666666666667  -4.833333333333333  0.0
12.270833333333332  12.5  -4.833333333333333  -4.5  0.0
12.270833333333332  12.5  -4.5  -4.166666666666667  0.0
12.270833333333332  12.5  -4.166666666666667  -3.8333333333333335  0.0
12.270833333333332  12.5  -3.8333333333333335  -3.5  0.0
12.270833333333332  12.5  -3.5  -3.166666666666667  0.0
12.270833333333332  12.5  -3.166666666666667  -2.8333333333333335  0.0
12.270833333333332  12.5  -2.8333333333333335  -2.5  0.0
12.270833333333332  12.5  -2.5  -2.166666666666667  0.0
12.270833333333332  12.5  -2.166666666666667  -1.8333333333333335  0.0
12.270833333333332  12.5  -1.8333333333333335  -1.5  0.0
12.270833333333332  12.5  -1.5  -1.166666666666667  0.0
12.270833333333332  12.5  -1.166666666666667  -0.8333333333333339  0.0
12.270833333333332  12.5  -0.8333333333333339  -0.5  0.0
12.270833333333332  12.5  -0.5  -0.16666666666666696  0.0
12.270833333333332  12.5  -0.16666666666666696  0.16666666666666607  0.0
12.270833333333332  12.5  0.16666666666666607  0.5  0.0
12.270833333333332  12.5  0.5  0.833333333333333  0.0
12.270833333333332  12.5  0.833333333333333  1.166666666666666  0.0
12.270833333333332  12.5  1.166666666666666  1.5  0.0
12.270833333333332  12.5  1.5  1.833333333333333  0.0
12.270833333333332  12.5  1.833333333333333  2.166666666666666  0.0
12.270833333333332  12.5  2.166666666666666  2.5  0.0
