#logMsmin    logMsmax    logSFRmin    logSFRmax    Prob
7.0  7.229166666666667  -5.5  -5.166666666666667  0.0
7.0  7.229166666666667  -5.166666666666667  -4.833333333333333  0.0
7.0  7.229166666666667  -4.833333333333333  -4.5  0.0
7.0  7.229166666666667  -4.5  -4.166666666666667  0.0
7.0  7.229166666666667  -4.166666666666667  -3.8333333333333335  1.71388972414564e-05
7.0  7.229166666666667  -3.8333333333333335  -3.5  3.999076023006494e-05
7.0  7.229166666666667  -3.5  -3.166666666666667  4.7036751318219236e-05
7.0  7.229166666666667  -3.166666666666667  -2.8333333333333335  0.00011026023892003617
7.0  7.229166666666667  -2.8333333333333335  -2.5  0.00011368801836832746
7.0  7.229166666666667  -2.5  -2.166666666666667  8.379016429156461e-05
7.0  7.229166666666667  -2.166666666666667  -1.8333333333333335  2.9326557502047623e-05
7.0  7.229166666666667  -1.8333333333333335  -1.5  1.7519761624599877e-05
7.0  7.229166666666667  -1.5  -1.166666666666667  0.0
7.0  7.229166666666667  -1.166666666666667  -0.8333333333333339  0.0
7.0  7.229166666666667  -0.8333333333333339  -0.5  0.0
7.0  7.229166666666667  -0.5  -0.16666666666666696  0.0
7.0  7.229166666666667  -0.16666666666666696  0.16666666666666607  0.0
7.0  7.229166666666667  0.16666666666666607  0.5  0.0
7.0  7.229166666666667  0.5  0.833333333333333  0.0
7.0  7.229166666666667  0.833333333333333  1.166666666666666  0.0
7.0  7.229166666666667  1.166666666666666  1.5  0.0
7.0  7.229166666666667  1.5  1.833333333333333  0.0
7.0  7.229166666666667  1.833333333333333  2.166666666666666  0.0
7.0  7.229166666666667  2.166666666666666  2.5  0.0
7.229166666666667  7.458333333333333  -5.5  -5.166666666666667  0.0
7.229166666666667  7.458333333333333  -5.166666666666667  -4.833333333333333  0.0
7.229166666666667  7.458333333333333  -4.833333333333333  -4.5  0.0
7.229166666666667  7.458333333333333  -4.5  -4.166666666666667  0.0
7.229166666666667  7.458333333333333  -4.166666666666667  -3.8333333333333335  8.950313003871676e-06
7.229166666666667  7.458333333333333  -3.8333333333333335  -3.5  5.960527596195392e-05
7.229166666666667  7.458333333333333  -3.5  -3.166666666666667  0.00010968894234532097
7.229166666666667  7.458333333333333  -3.166666666666667  -2.8333333333333335  0.00014244327929565986
7.229166666666667  7.458333333333333  -2.8333333333333335  -2.5  0.00017348372652185314
7.229166666666667  7.458333333333333  -2.5  -2.166666666666667  0.00020090596210818333
7.229166666666667  7.458333333333333  -2.166666666666667  -1.8333333333333335  0.00016643773543369882
7.229166666666667  7.458333333333333  -1.8333333333333335  -1.5  0.00011654450124190352
7.229166666666667  7.458333333333333  -1.5  -1.166666666666667  2.818396435261719e-05
7.229166666666667  7.458333333333333  -1.166666666666667  -0.8333333333333339  0.0
7.229166666666667  7.458333333333333  -0.8333333333333339  -0.5  0.0
7.229166666666667  7.458333333333333  -0.5  -0.16666666666666696  0.0
7.229166666666667  7.458333333333333  -0.16666666666666696  0.16666666666666607  0.0
7.229166666666667  7.458333333333333  0.16666666666666607  0.5  0.0
7.229166666666667  7.458333333333333  0.5  0.833333333333333  0.0
7.229166666666667  7.458333333333333  0.833333333333333  1.166666666666666  0.0
7.229166666666667  7.458333333333333  1.166666666666666  1.5  0.0
7.229166666666667  7.458333333333333  1.5  1.833333333333333  0.0
7.229166666666667  7.458333333333333  1.833333333333333  2.166666666666666  0.0
7.229166666666667  7.458333333333333  2.166666666666666  2.5  0.0
7.458333333333333  7.6875  -5.5  -5.166666666666667  0.0
7.458333333333333  7.6875  -5.166666666666667  -4.833333333333333  0.0
7.458333333333333  7.6875  -4.833333333333333  -4.5  0.0
7.458333333333333  7.6875  -4.5  -4.166666666666667  0.0
7.458333333333333  7.6875  -4.166666666666667  -3.8333333333333335  0.00010454727317288404
7.458333333333333  7.6875  -3.8333333333333335  -3.5  6.284262321867347e-06
7.458333333333333  7.6875  -3.5  -3.166666666666667  4.3989836253071424e-05
7.458333333333333  7.6875  -3.166666666666667  -2.8333333333333335  0.00015482137174782285
7.458333333333333  7.6875  -2.8333333333333335  -2.5  0.00028507699078289143
7.458333333333333  7.6875  -2.5  -2.166666666666667  0.00021480751209292017
7.458333333333333  7.6875  -2.166666666666667  -1.8333333333333335  0.00019728775046832034
7.458333333333333  7.6875  -1.8333333333333335  -1.5  0.0002317559771428049
7.458333333333333  7.6875  -1.5  -1.166666666666667  6.588953828382128e-05
7.458333333333333  7.6875  -1.166666666666667  -0.8333333333333339  2.608921024532808e-05
7.458333333333333  7.6875  -0.8333333333333339  -0.5  0.0
7.458333333333333  7.6875  -0.5  -0.16666666666666696  0.0
7.458333333333333  7.6875  -0.16666666666666696  0.16666666666666607  0.0
7.458333333333333  7.6875  0.16666666666666607  0.5  0.0
7.458333333333333  7.6875  0.5  0.833333333333333  0.0
7.458333333333333  7.6875  0.833333333333333  1.166666666666666  0.0
7.458333333333333  7.6875  1.166666666666666  1.5  0.0
7.458333333333333  7.6875  1.5  1.833333333333333  0.0
7.458333333333333  7.6875  1.833333333333333  2.166666666666666  0.0
7.458333333333333  7.6875  2.166666666666666  2.5  0.0
7.6875  7.916666666666667  -5.5  -5.166666666666667  0.0
7.6875  7.916666666666667  -5.166666666666667  -4.833333333333333  0.0
7.6875  7.916666666666667  -4.833333333333333  -4.5  0.0
7.6875  7.916666666666667  -4.5  -4.166666666666667  0.0
7.6875  7.916666666666667  -4.166666666666667  -3.8333333333333335  4.1514217762638836e-05
7.6875  7.916666666666667  -3.8333333333333335  -3.5  3.123087941776499e-05
7.6875  7.916666666666667  -3.5  -3.166666666666667  3.5801252015486704e-05
7.6875  7.916666666666667  -3.166666666666667  -2.8333333333333335  7.579201224555164e-05
7.6875  7.916666666666667  -2.8333333333333335  -2.5  0.00010549943413074272
7.6875  7.916666666666667  -2.5  -2.166666666666667  0.00024622882370225693
7.6875  7.916666666666667  -2.166666666666667  -1.8333333333333335  0.0007754398840801164
7.6875  7.916666666666667  -1.8333333333333335  -1.5  0.0007377343101489123
7.6875  7.916666666666667  -1.5  -1.166666666666667  0.0001930982422537421
7.6875  7.916666666666667  -1.166666666666667  -0.8333333333333339  3.256390475876716e-05
7.6875  7.916666666666667  -0.8333333333333339  -0.5  0.0
7.6875  7.916666666666667  -0.5  -0.16666666666666696  0.0
7.6875  7.916666666666667  -0.16666666666666696  0.16666666666666607  0.0
7.6875  7.916666666666667  0.16666666666666607  0.5  0.0
7.6875  7.916666666666667  0.5  0.833333333333333  0.0
7.6875  7.916666666666667  0.833333333333333  1.166666666666666  0.0
7.6875  7.916666666666667  1.166666666666666  1.5  0.0
7.6875  7.916666666666667  1.5  1.833333333333333  0.0
7.6875  7.916666666666667  1.833333333333333  2.166666666666666  0.0
7.6875  7.916666666666667  2.166666666666666  2.5  0.0
7.916666666666667  8.145833333333334  -5.5  -5.166666666666667  0.0
7.916666666666667  8.145833333333334  -5.166666666666667  -4.833333333333333  0.0
7.916666666666667  8.145833333333334  -4.833333333333333  -4.5  0.0
7.916666666666667  8.145833333333334  -4.5  -4.166666666666667  0.0
7.916666666666667  8.145833333333334  -4.166666666666667  -3.8333333333333335  0.0
7.916666666666667  8.145833333333334  -3.8333333333333335  -3.5  0.0
7.916666666666667  8.145833333333334  -3.5  -3.166666666666667  2.3042295180180273e-05
7.916666666666667  8.145833333333334  -3.166666666666667  -2.8333333333333335  0.00012682783958677736
7.916666666666667  8.145833333333334  -2.8333333333333335  -2.5  0.00021728313058335283
7.916666666666667  8.145833333333334  -2.5  -2.166666666666667  0.00032925725922753463
7.916666666666667  8.145833333333334  -2.166666666666667  -1.8333333333333335  0.000912170197628624
7.916666666666667  8.145833333333334  -1.8333333333333335  -1.5  0.0012854172931092299
7.916666666666667  8.145833333333334  -1.5  -1.166666666666667  0.001126406413146829
7.916666666666667  8.145833333333334  -1.166666666666667  -0.8333333333333339  0.00013520685601593383
7.916666666666667  8.145833333333334  -0.8333333333333339  -0.5  0.0
7.916666666666667  8.145833333333334  -0.5  -0.16666666666666696  0.0
7.916666666666667  8.145833333333334  -0.16666666666666696  0.16666666666666607  0.0
7.916666666666667  8.145833333333334  0.16666666666666607  0.5  0.0
7.916666666666667  8.145833333333334  0.5  0.833333333333333  0.0
7.916666666666667  8.145833333333334  0.833333333333333  1.166666666666666  0.0
7.916666666666667  8.145833333333334  1.166666666666666  1.5  0.0
7.916666666666667  8.145833333333334  1.5  1.833333333333333  0.0
7.916666666666667  8.145833333333334  1.833333333333333  2.166666666666666  0.0
7.916666666666667  8.145833333333334  2.166666666666666  2.5  0.0
8.145833333333334  8.375  -5.5  -5.166666666666667  0.0
8.145833333333334  8.375  -5.166666666666667  -4.833333333333333  0.0
8.145833333333334  8.375  -4.833333333333333  -4.5  0.0
8.145833333333334  8.375  -4.5  -4.166666666666667  0.0
8.145833333333334  8.375  -4.166666666666667  -3.8333333333333335  0.0
8.145833333333334  8.375  -3.8333333333333335  -3.5  0.0
8.145833333333334  8.375  -3.5  -3.166666666666667  0.0
8.145833333333334  8.375  -3.166666666666667  -2.8333333333333335  0.0
8.145833333333334  8.375  -2.8333333333333335  -2.5  0.0
8.145833333333334  8.375  -2.5  -2.166666666666667  0.00021823529154121153
8.145833333333334  8.375  -2.166666666666667  -1.8333333333333335  0.0008917939531304483
8.145833333333334  8.375  -1.8333333333333335  -1.5  0.0021537880866763547
8.145833333333334  8.375  -1.5  -1.166666666666667  0.0030467246329562332
8.145833333333334  8.375  -1.166666666666667  -0.8333333333333339  0.0010795600940201816
8.145833333333334  8.375  -0.8333333333333339  -0.5  9.159788414600588e-05
8.145833333333334  8.375  -0.5  -0.16666666666666696  0.0
8.145833333333334  8.375  -0.16666666666666696  0.16666666666666607  0.0
8.145833333333334  8.375  0.16666666666666607  0.5  0.0
8.145833333333334  8.375  0.5  0.833333333333333  0.0
8.145833333333334  8.375  0.833333333333333  1.166666666666666  0.0
8.145833333333334  8.375  1.166666666666666  1.5  0.0
8.145833333333334  8.375  1.5  1.833333333333333  0.0
8.145833333333334  8.375  1.833333333333333  2.166666666666666  0.0
8.145833333333334  8.375  2.166666666666666  2.5  0.0
8.375  8.604166666666666  -5.5  -5.166666666666667  0.0
8.375  8.604166666666666  -5.166666666666667  -4.833333333333333  0.0
8.375  8.604166666666666  -4.833333333333333  -4.5  0.0
8.375  8.604166666666666  -4.5  -4.166666666666667  0.0
8.375  8.604166666666666  -4.166666666666667  -3.8333333333333335  0.0
8.375  8.604166666666666  -3.8333333333333335  -3.5  0.0
8.375  8.604166666666666  -3.5  -3.166666666666667  0.0
8.375  8.604166666666666  -3.166666666666667  -2.8333333333333335  0.0
8.375  8.604166666666666  -2.8333333333333335  -2.5  0.0
8.375  8.604166666666666  -2.5  -2.166666666666667  0.00010207165468245145
8.375  8.604166666666666  -2.166666666666667  -1.8333333333333335  0.0001492988381922424
8.375  8.604166666666666  -1.8333333333333335  -1.5  0.0014236710641903115
8.375  8.604166666666666  -1.5  -1.166666666666667  0.00394061334019397
8.375  8.604166666666666  -1.166666666666667  -0.8333333333333339  0.0032874309231029097
8.375  8.604166666666666  -0.8333333333333339  -0.5  0.0011955332986873697
8.375  8.604166666666666  -0.5  -0.16666666666666696  0.0
8.375  8.604166666666666  -0.16666666666666696  0.16666666666666607  0.0
8.375  8.604166666666666  0.16666666666666607  0.5  0.0
8.375  8.604166666666666  0.5  0.833333333333333  0.0
8.375  8.604166666666666  0.833333333333333  1.166666666666666  0.0
8.375  8.604166666666666  1.166666666666666  1.5  0.0
8.375  8.604166666666666  1.5  1.833333333333333  0.0
8.375  8.604166666666666  1.833333333333333  2.166666666666666  0.0
8.375  8.604166666666666  2.166666666666666  2.5  0.0
8.604166666666666  8.833333333333334  -5.5  -5.166666666666667  0.0
8.604166666666666  8.833333333333334  -5.166666666666667  -4.833333333333333  0.0
8.604166666666666  8.833333333333334  -4.833333333333333  -4.5  0.0
8.604166666666666  8.833333333333334  -4.5  -4.166666666666667  0.0
8.604166666666666  8.833333333333334  -4.166666666666667  -3.8333333333333335  0.0
8.604166666666666  8.833333333333334  -3.8333333333333335  -3.5  0.0
8.604166666666666  8.833333333333334  -3.5  -3.166666666666667  0.0002115701648362007
8.604166666666666  8.833333333333334  -3.166666666666667  -2.8333333333333335  0.0
8.604166666666666  8.833333333333334  -2.8333333333333335  -2.5  0.0
8.604166666666666  8.833333333333334  -2.5  -2.166666666666667  0.0
8.604166666666666  8.833333333333334  -2.166666666666667  -1.8333333333333335  0.0
8.604166666666666  8.833333333333334  -1.8333333333333335  -1.5  0.0007453515978117817
8.604166666666666  8.833333333333334  -1.5  -1.166666666666667  0.00370828606647645
8.604166666666666  8.833333333333334  -1.166666666666667  -0.8333333333333339  0.005603086372615242
8.604166666666666  8.833333333333334  -0.8333333333333339  -0.5  0.004130474235190993
8.604166666666666  8.833333333333334  -0.5  -0.16666666666666696  0.00022356739290522014
8.604166666666666  8.833333333333334  -0.16666666666666696  0.16666666666666607  0.0
8.604166666666666  8.833333333333334  0.16666666666666607  0.5  0.0
8.604166666666666  8.833333333333334  0.5  0.833333333333333  0.0
8.604166666666666  8.833333333333334  0.833333333333333  1.166666666666666  0.0
8.604166666666666  8.833333333333334  1.166666666666666  1.5  0.0
8.604166666666666  8.833333333333334  1.5  1.833333333333333  0.0
8.604166666666666  8.833333333333334  1.833333333333333  2.166666666666666  0.0
8.604166666666666  8.833333333333334  2.166666666666666  2.5  0.0
8.833333333333334  9.0625  -5.5  -5.166666666666667  0.0
8.833333333333334  9.0625  -5.166666666666667  -4.833333333333333  0.0
8.833333333333334  9.0625  -4.833333333333333  -4.5  0.0
8.833333333333334  9.0625  -4.5  -4.166666666666667  0.0
8.833333333333334  9.0625  -4.166666666666667  -3.8333333333333335  0.0
8.833333333333334  9.0625  -3.8333333333333335  -3.5  0.0
8.833333333333334  9.0625  -3.5  -3.166666666666667  0.0
8.833333333333334  9.0625  -3.166666666666667  -2.8333333333333335  0.0
8.833333333333334  9.0625  -2.8333333333333335  -2.5  0.0
8.833333333333334  9.0625  -2.5  -2.166666666666667  0.0
8.833333333333334  9.0625  -2.166666666666667  -1.8333333333333335  0.0
8.833333333333334  9.0625  -1.8333333333333335  -1.5  0.0008057186025400226
8.833333333333334  9.0625  -1.5  -1.166666666666667  0.00031745046335008686
8.833333333333334  9.0625  -1.166666666666667  -0.8333333333333339  0.007240231923557471
8.833333333333334  9.0625  -0.8333333333333339  -0.5  0.017239255006414708
8.833333333333334  9.0625  -0.5  -0.16666666666666696  0.005433411289924823
8.833333333333334  9.0625  -0.16666666666666696  0.16666666666666607  0.0
8.833333333333334  9.0625  0.16666666666666607  0.5  0.0
8.833333333333334  9.0625  0.5  0.833333333333333  0.0
8.833333333333334  9.0625  0.833333333333333  1.166666666666666  0.0
8.833333333333334  9.0625  1.166666666666666  1.5  0.0
8.833333333333334  9.0625  1.5  1.833333333333333  0.0
8.833333333333334  9.0625  1.833333333333333  2.166666666666666  0.0
8.833333333333334  9.0625  2.166666666666666  2.5  0.0
9.0625  9.291666666666666  -5.5  -5.166666666666667  0.0
9.0625  9.291666666666666  -5.166666666666667  -4.833333333333333  0.0
9.0625  9.291666666666666  -4.833333333333333  -4.5  0.0
9.0625  9.291666666666666  -4.5  -4.166666666666667  0.0
9.0625  9.291666666666666  -4.166666666666667  -3.8333333333333335  0.0
9.0625  9.291666666666666  -3.8333333333333335  -3.5  0.0
9.0625  9.291666666666666  -3.5  -3.166666666666667  0.0
9.0625  9.291666666666666  -3.166666666666667  -2.8333333333333335  0.0
9.0625  9.291666666666666  -2.8333333333333335  -2.5  0.0
9.0625  9.291666666666666  -2.5  -2.166666666666667  0.0
9.0625  9.291666666666666  -2.166666666666667  -1.8333333333333335  0.0
9.0625  9.291666666666666  -1.8333333333333335  -1.5  0.00048826813918993565
9.0625  9.291666666666666  -1.5  -1.166666666666667  0.0010449014351541254
9.0625  9.291666666666666  -1.166666666666667  -0.8333333333333339  0.0050319802300915996
9.0625  9.291666666666666  -0.8333333333333339  -0.5  0.012892068937215074
9.0625  9.291666666666666  -0.5  -0.16666666666666696  0.023036963078816267
9.0625  9.291666666666666  -0.16666666666666696  0.16666666666666607  0.0
9.0625  9.291666666666666  0.16666666666666607  0.5  0.0
9.0625  9.291666666666666  0.5  0.833333333333333  0.0
9.0625  9.291666666666666  0.833333333333333  1.166666666666666  0.0
9.0625  9.291666666666666  1.166666666666666  1.5  0.0
9.0625  9.291666666666666  1.5  1.833333333333333  0.0
9.0625  9.291666666666666  1.833333333333333  2.166666666666666  0.0
9.0625  9.291666666666666  2.166666666666666  2.5  0.0
9.291666666666666  9.520833333333332  -5.5  -5.166666666666667  0.0
9.291666666666666  9.520833333333332  -5.166666666666667  -4.833333333333333  0.0
9.291666666666666  9.520833333333332  -4.833333333333333  -4.5  0.0
9.291666666666666  9.520833333333332  -4.5  -4.166666666666667  0.0
9.291666666666666  9.520833333333332  -4.166666666666667  -3.8333333333333335  0.0
9.291666666666666  9.520833333333332  -3.8333333333333335  -3.5  0.0
9.291666666666666  9.520833333333332  -3.5  -3.166666666666667  0.0
9.291666666666666  9.520833333333332  -3.166666666666667  -2.8333333333333335  0.0
9.291666666666666  9.520833333333332  -2.8333333333333335  -2.5  0.0
9.291666666666666  9.520833333333332  -2.5  -2.166666666666667  0.0
9.291666666666666  9.520833333333332  -2.166666666666667  -1.8333333333333335  0.0
9.291666666666666  9.520833333333332  -1.8333333333333335  -1.5  0.0
9.291666666666666  9.520833333333332  -1.5  -1.166666666666667  0.0
9.291666666666666  9.520833333333332  -1.166666666666667  -0.8333333333333339  0.0
9.291666666666666  9.520833333333332  -0.8333333333333339  -0.5  0.003676293458292398
9.291666666666666  9.520833333333332  -0.5  -0.16666666666666696  0.022822155566723346
9.291666666666666  9.520833333333332  -0.16666666666666696  0.16666666666666607  0.012900638385835803
9.291666666666666  9.520833333333332  0.16666666666666607  0.5  0.0
9.291666666666666  9.520833333333332  0.5  0.833333333333333  0.0
9.291666666666666  9.520833333333332  0.833333333333333  1.166666666666666  0.0
9.291666666666666  9.520833333333332  1.166666666666666  1.5  0.0
9.291666666666666  9.520833333333332  1.5  1.833333333333333  0.0
9.291666666666666  9.520833333333332  1.833333333333333  2.166666666666666  0.0
9.291666666666666  9.520833333333332  2.166666666666666  2.5  0.0
9.520833333333332  9.75  -5.5  -5.166666666666667  0.0
9.520833333333332  9.75  -5.166666666666667  -4.833333333333333  0.0
9.520833333333332  9.75  -4.833333333333333  -4.5  0.0
9.520833333333332  9.75  -4.5  -4.166666666666667  0.0
9.520833333333332  9.75  -4.166666666666667  -3.8333333333333335  0.0
9.520833333333332  9.75  -3.8333333333333335  -3.5  0.0
9.520833333333332  9.75  -3.5  -3.166666666666667  0.0
9.520833333333332  9.75  -3.166666666666667  -2.8333333333333335  0.0
9.520833333333332  9.75  -2.8333333333333335  -2.5  0.0
9.520833333333332  9.75  -2.5  -2.166666666666667  0.0
9.520833333333332  9.75  -2.166666666666667  -1.8333333333333335  0.0
9.520833333333332  9.75  -1.8333333333333335  -1.5  0.0
9.520833333333332  9.75  -1.5  -1.166666666666667  0.0009388307044486673
9.520833333333332  9.75  -1.166666666666667  -0.8333333333333339  0.0
9.520833333333332  9.75  -0.8333333333333339  -0.5  0.0015986782482447389
9.520833333333332  9.75  -0.5  -0.16666666666666696  0.0273491096247667
9.520833333333332  9.75  -0.16666666666666696  0.16666666666666607  0.05768590990310238
9.520833333333332  9.75  0.16666666666666607  0.5  0.00297188478166854
9.520833333333332  9.75  0.5  0.833333333333333  0.0
9.520833333333332  9.75  0.833333333333333  1.166666666666666  0.0
9.520833333333332  9.75  1.166666666666666  1.5  0.0
9.520833333333332  9.75  1.5  1.833333333333333  0.0
9.520833333333332  9.75  1.833333333333333  2.166666666666666  0.0
9.520833333333332  9.75  2.166666666666666  2.5  0.0
9.75  9.979166666666666  -5.5  -5.166666666666667  0.0
9.75  9.979166666666666  -5.166666666666667  -4.833333333333333  0.0
9.75  9.979166666666666  -4.833333333333333  -4.5  0.0
9.75  9.979166666666666  -4.5  -4.166666666666667  0.0
9.75  9.979166666666666  -4.166666666666667  -3.8333333333333335  0.0
9.75  9.979166666666666  -3.8333333333333335  -3.5  0.0
9.75  9.979166666666666  -3.5  -3.166666666666667  0.0
9.75  9.979166666666666  -3.166666666666667  -2.8333333333333335  0.0
9.75  9.979166666666666  -2.8333333333333335  -2.5  0.0
9.75  9.979166666666666  -2.5  -2.166666666666667  0.0
9.75  9.979166666666666  -2.166666666666667  -1.8333333333333335  0.0
9.75  9.979166666666666  -1.8333333333333335  -1.5  0.001803202421992785
9.75  9.979166666666666  -1.5  -1.166666666666667  0.0
9.75  9.979166666666666  -1.166666666666667  -0.8333333333333339  0.004244352685750892
9.75  9.979166666666666  -0.8333333333333339  -0.5  0.008525268352283559
9.75  9.979166666666666  -0.5  -0.16666666666666696  0.005166425357341246
9.75  9.979166666666666  -0.16666666666666696  0.16666666666666607  0.055907654098205486
9.75  9.979166666666666  0.16666666666666607  0.5  0.03296057501381109
9.75  9.979166666666666  0.5  0.833333333333333  0.006777291265846576
9.75  9.979166666666666  0.833333333333333  1.166666666666666  0.0
9.75  9.979166666666666  1.166666666666666  1.5  0.0
9.75  9.979166666666666  1.5  1.833333333333333  0.0
9.75  9.979166666666666  1.833333333333333  2.166666666666666  0.0
9.75  9.979166666666666  2.166666666666666  2.5  0.0
9.979166666666666  10.208333333333332  -5.5  -5.166666666666667  0.0
9.979166666666666  10.208333333333332  -5.166666666666667  -4.833333333333333  0.0
9.979166666666666  10.208333333333332  -4.833333333333333  -4.5  0.0
9.979166666666666  10.208333333333332  -4.5  -4.166666666666667  0.0
9.979166666666666  10.208333333333332  -4.166666666666667  -3.8333333333333335  0.0
9.979166666666666  10.208333333333332  -3.8333333333333335  -3.5  0.0
9.979166666666666  10.208333333333332  -3.5  -3.166666666666667  0.0
9.979166666666666  10.208333333333332  -3.166666666666667  -2.8333333333333335  0.0
9.979166666666666  10.208333333333332  -2.8333333333333335  -2.5  0.0
9.979166666666666  10.208333333333332  -2.5  -2.166666666666667  0.0
9.979166666666666  10.208333333333332  -2.166666666666667  -1.8333333333333335  0.003914524129948642
9.979166666666666  10.208333333333332  -1.8333333333333335  -1.5  0.0
9.979166666666666  10.208333333333332  -1.5  -1.166666666666667  0.0
9.979166666666666  10.208333333333332  -1.166666666666667  -0.8333333333333339  0.0
9.979166666666666  10.208333333333332  -0.8333333333333339  -0.5  0.0016548557447584014
9.979166666666666  10.208333333333332  -0.5  -0.16666666666666696  0.004907247144612111
9.979166666666666  10.208333333333332  -0.16666666666666696  0.16666666666666607  0.07011637120794756
9.979166666666666  10.208333333333332  0.16666666666666607  0.5  0.06772606633933911
9.979166666666666  10.208333333333332  0.5  0.833333333333333  0.01857646985563145
9.979166666666666  10.208333333333332  0.833333333333333  1.166666666666666  0.0
9.979166666666666  10.208333333333332  1.166666666666666  1.5  0.0
9.979166666666666  10.208333333333332  1.5  1.833333333333333  0.0
9.979166666666666  10.208333333333332  1.833333333333333  2.166666666666666  0.0
9.979166666666666  10.208333333333332  2.166666666666666  2.5  0.0
10.208333333333332  10.4375  -5.5  -5.166666666666667  0.0
10.208333333333332  10.4375  -5.166666666666667  -4.833333333333333  0.0
10.208333333333332  10.4375  -4.833333333333333  -4.5  0.0
10.208333333333332  10.4375  -4.5  -4.166666666666667  0.0
10.208333333333332  10.4375  -4.166666666666667  -3.8333333333333335  0.0
10.208333333333332  10.4375  -3.8333333333333335  -3.5  0.0
10.208333333333332  10.4375  -3.5  -3.166666666666667  0.0
10.208333333333332  10.4375  -3.166666666666667  -2.8333333333333335  0.0
10.208333333333332  10.4375  -2.8333333333333335  -2.5  0.0
10.208333333333332  10.4375  -2.5  -2.166666666666667  0.001699416877586188
10.208333333333332  10.4375  -2.166666666666667  -1.8333333333333335  0.0
10.208333333333332  10.4375  -1.8333333333333335  -1.5  0.0
10.208333333333332  10.4375  -1.5  -1.166666666666667  0.0
10.208333333333332  10.4375  -1.166666666666667  -0.8333333333333339  0.0
10.208333333333332  10.4375  -0.8333333333333339  -0.5  0.0
10.208333333333332  10.4375  -0.5  -0.16666666666666696  0.0
10.208333333333332  10.4375  -0.16666666666666696  0.16666666666666607  0.04011796893403485
10.208333333333332  10.4375  0.16666666666666607  0.5  0.1034149633617985
10.208333333333332  10.4375  0.5  0.833333333333333  0.04999701973620189
10.208333333333332  10.4375  0.833333333333333  1.166666666666666  0.0
10.208333333333332  10.4375  1.166666666666666  1.5  0.0
10.208333333333332  10.4375  1.5  1.833333333333333  0.0
10.208333333333332  10.4375  1.833333333333333  2.166666666666666  0.0
10.208333333333332  10.4375  2.166666666666666  2.5  0.0
10.4375  10.666666666666666  -5.5  -5.166666666666667  0.0
10.4375  10.666666666666666  -5.166666666666667  -4.833333333333333  0.0
10.4375  10.666666666666666  -4.833333333333333  -4.5  0.0
10.4375  10.666666666666666  -4.5  -4.166666666666667  0.0
10.4375  10.666666666666666  -4.166666666666667  -3.8333333333333335  0.0
10.4375  10.666666666666666  -3.8333333333333335  -3.5  0.0
10.4375  10.666666666666666  -3.5  -3.166666666666667  0.0
10.4375  10.666666666666666  -3.166666666666667  -2.8333333333333335  0.0
10.4375  10.666666666666666  -2.8333333333333335  -2.5  0.0
10.4375  10.666666666666666  -2.5  -2.166666666666667  0.0
10.4375  10.666666666666666  -2.166666666666667  -1.8333333333333335  0.0
10.4375  10.666666666666666  -1.8333333333333335  -1.5  0.005906635285980591
10.4375  10.666666666666666  -1.5  -1.166666666666667  0.0
10.4375  10.666666666666666  -1.166666666666667  -0.8333333333333339  0.0
10.4375  10.666666666666666  -0.8333333333333339  -0.5  0.0033519874360457285
10.4375  10.666666666666666  -0.5  -0.16666666666666696  0.0
10.4375  10.666666666666666  -0.16666666666666696  0.16666666666666607  0.03943793557793218
10.4375  10.666666666666666  0.16666666666666607  0.5  0.02807998837601902
10.4375  10.666666666666666  0.5  0.833333333333333  0.014936739378120824
10.4375  10.666666666666666  0.833333333333333  1.166666666666666  0.027285505272781736
10.4375  10.666666666666666  1.166666666666666  1.5  0.0
10.4375  10.666666666666666  1.5  1.833333333333333  0.0
10.4375  10.666666666666666  1.833333333333333  2.166666666666666  0.0
10.4375  10.666666666666666  2.166666666666666  2.5  0.0
10.666666666666666  10.895833333333332  -5.5  -5.166666666666667  0.0
10.666666666666666  10.895833333333332  -5.166666666666667  -4.833333333333333  0.0
10.666666666666666  10.895833333333332  -4.833333333333333  -4.5  0.0
10.666666666666666  10.895833333333332  -4.5  -4.166666666666667  0.0
10.666666666666666  10.895833333333332  -4.166666666666667  -3.8333333333333335  0.0
10.666666666666666  10.895833333333332  -3.8333333333333335  -3.5  0.0
10.666666666666666  10.895833333333332  -3.5  -3.166666666666667  0.0
10.666666666666666  10.895833333333332  -3.166666666666667  -2.8333333333333335  0.0
10.666666666666666  10.895833333333332  -2.8333333333333335  -2.5  0.0
10.666666666666666  10.895833333333332  -2.5  -2.166666666666667  0.0
10.666666666666666  10.895833333333332  -2.166666666666667  -1.8333333333333335  0.0
10.666666666666666  10.895833333333332  -1.8333333333333335  -1.5  0.0
10.666666666666666  10.895833333333332  -1.5  -1.166666666666667  0.0
10.666666666666666  10.895833333333332  -1.166666666666667  -0.8333333333333339  0.0
10.666666666666666  10.895833333333332  -0.8333333333333339  -0.5  0.006090783215230461
10.666666666666666  10.895833333333332  -0.5  -0.16666666666666696  0.011799940318551161
10.666666666666666  10.895833333333332  -0.16666666666666696  0.16666666666666607  0.025659785653333808
10.666666666666666  10.895833333333332  0.16666666666666607  0.5  0.029758648144723895
10.666666666666666  10.895833333333332  0.5  0.833333333333333  0.0649992677882234
10.666666666666666  10.895833333333332  0.833333333333333  1.166666666666666  0.0
10.666666666666666  10.895833333333332  1.166666666666666  1.5  0.0
10.666666666666666  10.895833333333332  1.5  1.833333333333333  0.0
10.666666666666666  10.895833333333332  1.833333333333333  2.166666666666666  0.0
10.666666666666666  10.895833333333332  2.166666666666666  2.5  0.0
10.895833333333332  11.125  -5.5  -5.166666666666667  0.0
10.895833333333332  11.125  -5.166666666666667  -4.833333333333333  0.0
10.895833333333332  11.125  -4.833333333333333  -4.5  0.0
10.895833333333332  11.125  -4.5  -4.166666666666667  0.0
10.895833333333332  11.125  -4.166666666666667  -3.8333333333333335  0.0
10.895833333333332  11.125  -3.8333333333333335  -3.5  0.0
10.895833333333332  11.125  -3.5  -3.166666666666667  0.0
10.895833333333332  11.125  -3.166666666666667  -2.8333333333333335  0.0
10.895833333333332  11.125  -2.8333333333333335  -2.5  0.0
10.895833333333332  11.125  -2.5  -2.166666666666667  0.0
10.895833333333332  11.125  -2.166666666666667  -1.8333333333333335  0.0
10.895833333333332  11.125  -1.8333333333333335  -1.5  0.0
10.895833333333332  11.125  -1.5  -1.166666666666667  0.0
10.895833333333332  11.125  -1.166666666666667  -0.8333333333333339  0.0
10.895833333333332  11.125  -0.8333333333333339  -0.5  0.0
10.895833333333332  11.125  -0.5  -0.16666666666666696  0.0
10.895833333333332  11.125  -0.16666666666666696  0.16666666666666607  0.0
10.895833333333332  11.125  0.16666666666666607  0.5  0.0
10.895833333333332  11.125  0.5  0.833333333333333  0.02028064753800693
10.895833333333332  11.125  0.833333333333333  1.166666666666666  0.0
10.895833333333332  11.125  1.166666666666666  1.5  0.0
10.895833333333332  11.125  1.5  1.833333333333333  0.0
10.895833333333332  11.125  1.833333333333333  2.166666666666666  0.0
10.895833333333332  11.125  2.166666666666666  2.5  0.0
11.125  11.354166666666666  -5.5  -5.166666666666667  0.0
11.125  11.354166666666666  -5.166666666666667  -4.833333333333333  0.0
11.125  11.354166666666666  -4.833333333333333  -4.5  0.0
11.125  11.354166666666666  -4.5  -4.166666666666667  0.0
11.125  11.354166666666666  -4.166666666666667  -3.8333333333333335  0.0
11.125  11.354166666666666  -3.8333333333333335  -3.5  0.0
11.125  11.354166666666666  -3.5  -3.166666666666667  0.0
11.125  11.354166666666666  -3.166666666666667  -2.8333333333333335  0.0
11.125  11.354166666666666  -2.8333333333333335  -2.5  0.0
11.125  11.354166666666666  -2.5  -2.166666666666667  0.0
11.125  11.354166666666666  -2.166666666666667  -1.8333333333333335  0.0
11.125  11.354166666666666  -1.8333333333333335  -1.5  0.0
11.125  11.354166666666666  -1.5  -1.166666666666667  0.0
11.125  11.354166666666666  -1.166666666666667  -0.8333333333333339  0.0
11.125  11.354166666666666  -0.8333333333333339  -0.5  0.0
11.125  11.354166666666666  -0.5  -0.16666666666666696  0.0
11.125  11.354166666666666  -0.16666666666666696  0.16666666666666607  0.0
11.125  11.354166666666666  0.16666666666666607  0.5  0.0
11.125  11.354166666666666  0.5  0.833333333333333  0.0
11.125  11.354166666666666  0.833333333333333  1.166666666666666  0.0
11.125  11.354166666666666  1.166666666666666  1.5  0.0
11.125  11.354166666666666  1.5  1.833333333333333  0.0
11.125  11.354166666666666  1.833333333333333  2.166666666666666  0.0
11.125  11.354166666666666  2.166666666666666  2.5  0.0
11.354166666666666  11.583333333333332  -5.5  -5.166666666666667  0.0
11.354166666666666  11.583333333333332  -5.166666666666667  -4.833333333333333  0.0
11.354166666666666  11.583333333333332  -4.833333333333333  -4.5  0.0
11.354166666666666  11.583333333333332  -4.5  -4.166666666666667  0.0
11.354166666666666  11.583333333333332  -4.166666666666667  -3.8333333333333335  0.0
11.354166666666666  11.583333333333332  -3.8333333333333335  -3.5  0.0
11.354166666666666  11.583333333333332  -3.5  -3.166666666666667  0.0
11.354166666666666  11.583333333333332  -3.166666666666667  -2.8333333333333335  0.0
11.354166666666666  11.583333333333332  -2.8333333333333335  -2.5  0.0
11.354166666666666  11.583333333333332  -2.5  -2.166666666666667  0.0
11.354166666666666  11.583333333333332  -2.166666666666667  -1.8333333333333335  0.0
11.354166666666666  11.583333333333332  -1.8333333333333335  -1.5  0.0
11.354166666666666  11.583333333333332  -1.5  -1.166666666666667  0.0
11.354166666666666  11.583333333333332  -1.166666666666667  -0.8333333333333339  0.0
11.354166666666666  11.583333333333332  -0.8333333333333339  -0.5  0.0
11.354166666666666  11.583333333333332  -0.5  -0.16666666666666696  0.0
11.354166666666666  11.583333333333332  -0.16666666666666696  0.16666666666666607  0.0
11.354166666666666  11.583333333333332  0.16666666666666607  0.5  0.0
11.354166666666666  11.583333333333332  0.5  0.833333333333333  0.0
11.354166666666666  11.583333333333332  0.833333333333333  1.166666666666666  0.0
11.354166666666666  11.583333333333332  1.166666666666666  1.5  0.0
11.354166666666666  11.583333333333332  1.5  1.833333333333333  0.0
11.354166666666666  11.583333333333332  1.833333333333333  2.166666666666666  0.0
11.354166666666666  11.583333333333332  2.166666666666666  2.5  0.0
11.583333333333332  11.8125  -5.5  -5.166666666666667  0.0
11.583333333333332  11.8125  -5.166666666666667  -4.833333333333333  0.0
11.583333333333332  11.8125  -4.833333333333333  -4.5  0.0
11.583333333333332  11.8125  -4.5  -4.166666666666667  0.0
11.583333333333332  11.8125  -4.166666666666667  -3.8333333333333335  0.0
11.583333333333332  11.8125  -3.8333333333333335  -3.5  0.0
11.583333333333332  11.8125  -3.5  -3.166666666666667  0.0
11.583333333333332  11.8125  -3.166666666666667  -2.8333333333333335  0.0
11.583333333333332  11.8125  -2.8333333333333335  -2.5  0.0
11.583333333333332  11.8125  -2.5  -2.166666666666667  0.0
11.583333333333332  11.8125  -2.166666666666667  -1.8333333333333335  0.0
11.583333333333332  11.8125  -1.8333333333333335  -1.5  0.0
11.583333333333332  11.8125  -1.5  -1.166666666666667  0.0
11.583333333333332  11.8125  -1.166666666666667  -0.8333333333333339  0.0
11.583333333333332  11.8125  -0.8333333333333339  -0.5  0.0
11.583333333333332  11.8125  -0.5  -0.16666666666666696  0.0
11.583333333333332  11.8125  -0.16666666666666696  0.16666666666666607  0.0
11.583333333333332  11.8125  0.16666666666666607  0.5  0.0
11.583333333333332  11.8125  0.5  0.833333333333333  0.0
11.583333333333332  11.8125  0.833333333333333  1.166666666666666  0.0
11.583333333333332  11.8125  1.166666666666666  1.5  0.0
11.583333333333332  11.8125  1.5  1.833333333333333  0.0
11.583333333333332  11.8125  1.833333333333333  2.166666666666666  0.0
11.583333333333332  11.8125  2.166666666666666  2.5  0.0
11.8125  12.041666666666666  -5.5  -5.166666666666667  0.0
11.8125  12.041666666666666  -5.166666666666667  -4.833333333333333  0.0
11.8125  12.041666666666666  -4.833333333333333  -4.5  0.0
11.8125  12.041666666666666  -4.5  -4.166666666666667  0.0
11.8125  12.041666666666666  -4.166666666666667  -3.8333333333333335  0.0
11.8125  12.041666666666666  -3.8333333333333335  -3.5  0.0
11.8125  12.041666666666666  -3.5  -3.166666666666667  0.0
11.8125  12.041666666666666  -3.166666666666667  -2.8333333333333335  0.0
11.8125  12.041666666666666  -2.8333333333333335  -2.5  0.0
11.8125  12.041666666666666  -2.5  -2.166666666666667  0.0
11.8125  12.041666666666666  -2.166666666666667  -1.8333333333333335  0.0
11.8125  12.041666666666666  -1.8333333333333335  -1.5  0.0
11.8125  12.041666666666666  -1.5  -1.166666666666667  0.0
11.8125  12.041666666666666  -1.166666666666667  -0.8333333333333339  0.0
11.8125  12.041666666666666  -0.8333333333333339  -0.5  0.0
11.8125  12.041666666666666  -0.5  -0.16666666666666696  0.0
11.8125  12.041666666666666  -0.16666666666666696  0.16666666666666607  0.0
11.8125  12.041666666666666  0.16666666666666607  0.5  0.0
11.8125  12.041666666666666  0.5  0.833333333333333  0.0
11.8125  12.041666666666666  0.833333333333333  1.166666666666666  0.0
11.8125  12.041666666666666  1.166666666666666  1.5  0.0
11.8125  12.041666666666666  1.5  1.833333333333333  0.0
11.8125  12.041666666666666  1.833333333333333  2.166666666666666  0.0
11.8125  12.041666666666666  2.166666666666666  2.5  0.0
12.041666666666666  12.270833333333332  -5.5  -5.166666666666667  0.0
12.041666666666666  12.270833333333332  -5.166666666666667  -4.833333333333333  0.0
12.041666666666666  12.270833333333332  -4.833333333333333  -4.5  0.0
12.041666666666666  12.270833333333332  -4.5  -4.166666666666667  0.0
12.041666666666666  12.270833333333332  -4.166666666666667  -3.8333333333333335  0.0
12.041666666666666  12.270833333333332  -3.8333333333333335  -3.5  0.0
12.041666666666666  12.270833333333332  -3.5  -3.166666666666667  0.0
12.041666666666666  12.270833333333332  -3.166666666666667  -2.8333333333333335  0.0
12.041666666666666  12.270833333333332  -2.8333333333333335  -2.5  0.0
12.041666666666666  12.270833333333332  -2.5  -2.166666666666667  0.0
12.041666666666666  12.270833333333332  -2.166666666666667  -1.8333333333333335  0.0
12.041666666666666  12.270833333333332  -1.8333333333333335  -1.5  0.0
12.041666666666666  12.270833333333332  -1.5  -1.166666666666667  0.0
12.041666666666666  12.270833333333332  -1.166666666666667  -0.8333333333333339  0.0
12.041666666666666  12.270833333333332  -0.8333333333333339  -0.5  0.0
12.041666666666666  12.270833333333332  -0.5  -0.16666666666666696  0.0
12.041666666666666  12.270833333333332  -0.16666666666666696  0.16666666666666607  0.0
12.041666666666666  12.270833333333332  0.16666666666666607  0.5  0.0
12.041666666666666  12.270833333333332  0.5  0.833333333333333  0.0
12.041666666666666  12.270833333333332  0.833333333333333  1.166666666666666  0.0
12.041666666666666  12.270833333333332  1.166666666666666  1.5  0.0
12.041666666666666  12.270833333333332  1.5  1.833333333333333  0.0
12.041666666666666  12.270833333333332  1.833333333333333  2.166666666666666  0.0
12.041666666666666  12.270833333333332  2.166666666666666  2.5  0.0
12.270833333333332  12.5  -5.5  -5.166666666666667  0.0
12.270833333333332  12.5  -5.166666666666667  -4.833333333333333  0.0
12.270833333333332  12.5  -4.833333333333333  -4.5  0.0
12.270833333333332  12.5  -4.5  -4.166666666666667  0.0
12.270833333333332  12.5  -4.166666666666667  -3.8333333333333335  0.0
12.270833333333332  12.5  -3.8333333333333335  -3.5  0.0
12.270833333333332  12.5  -3.5  -3.166666666666667  0.0
12.270833333333332  12.5  -3.166666666666667  -2.8333333333333335  0.0
12.270833333333332  12.5  -2.8333333333333335  -2.5  0.0
12.270833333333332  12.5  -2.5  -2.166666666666667  0.0
12.270833333333332  12.5  -2.166666666666667  -1.8333333333333335  0.0
12.270833333333332  12.5  -1.8333333333333335  -1.5  0.0
12.270833333333332  12.5  -1.5  -1.166666666666667  0.0
12.270833333333332  12.5  -1.166666666666667  -0.8333333333333339  0.0
12.270833333333332  12.5  -0.8333333333333339  -0.5  0.0
12.270833333333332  12.5  -0.5  -0.16666666666666696  0.0
12.270833333333332  12.5  -0.16666666666666696  0.16666666666666607  0.0
12.270833333333332  12.5  0.16666666666666607  0.5  0.0
12.270833333333332  12.5  0.5  0.833333333333333  0.0
12.270833333333332  12.5  0.833333333333333  1.166666666666666  0.0
12.270833333333332  12.5  1.166666666666666  1.5  0.0
12.270833333333332  12.5  1.5  1.833333333333333  0.0
12.270833333333332  12.5  1.833333333333333  2.166666666666666  0.0
12.270833333333332  12.5  2.166666666666666  2.5  0.0
