#logMsmin    logMsmax    logSFRmin    logSFRmax    Prob
7.0  7.229166666666667  -5.5  -5.166666666666667  0.0
7.0  7.229166666666667  -5.166666666666667  -4.833333333333333  0.0
7.0  7.229166666666667  -4.833333333333333  -4.5  0.0
7.0  7.229166666666667  -4.5  -4.166666666666667  0.0
7.0  7.229166666666667  -4.166666666666667  -3.8333333333333335  0.0
7.0  7.229166666666667  -3.8333333333333335  -3.5  0.0
7.0  7.229166666666667  -3.5  -3.166666666666667  4.414242229689338e-05
7.0  7.229166666666667  -3.166666666666667  -2.8333333333333335  0.010170858697141951
7.0  7.229166666666667  -2.8333333333333335  -2.5  0.011505928793085932
7.0  7.229166666666667  -2.5  -2.166666666666667  0.013155923844265133
7.0  7.229166666666667  -2.166666666666667  -1.8333333333333335  0.016643281062848198
7.0  7.229166666666667  -1.8333333333333335  -1.5  0.0218182126129828
7.0  7.229166666666667  -1.5  -1.166666666666667  0.026134431142321012
7.0  7.229166666666667  -1.166666666666667  -0.8333333333333339  0.02317032570650444
7.0  7.229166666666667  -0.8333333333333339  -0.5  0.00981539046195537
7.0  7.229166666666667  -0.5  -0.16666666666666696  0.001150349407914641
7.0  7.229166666666667  -0.16666666666666696  0.16666666666666607  4.721227900339196e-05
7.0  7.229166666666667  0.16666666666666607  0.5  0.0
7.0  7.229166666666667  0.5  0.833333333333333  0.0
7.0  7.229166666666667  0.833333333333333  1.166666666666666  0.0
7.0  7.229166666666667  1.166666666666666  1.5  0.0
7.0  7.229166666666667  1.5  1.833333333333333  0.0
7.0  7.229166666666667  1.833333333333333  2.166666666666666  0.0
7.0  7.229166666666667  2.166666666666666  2.5  0.0
7.229166666666667  7.458333333333333  -5.5  -5.166666666666667  0.0
7.229166666666667  7.458333333333333  -5.166666666666667  -4.833333333333333  0.0
7.229166666666667  7.458333333333333  -4.833333333333333  -4.5  0.0
7.229166666666667  7.458333333333333  -4.5  -4.166666666666667  0.0
7.229166666666667  7.458333333333333  -4.166666666666667  -3.8333333333333335  0.0
7.229166666666667  7.458333333333333  -3.8333333333333335  -3.5  0.0
7.229166666666667  7.458333333333333  -3.5  -3.166666666666667  5.610427773951943e-05
7.229166666666667  7.458333333333333  -3.166666666666667  -2.8333333333333335  0.00658960620619105
7.229166666666667  7.458333333333333  -2.8333333333333335  -2.5  0.007932298015338067
7.229166666666667  7.458333333333333  -2.5  -2.166666666666667  0.009764155612095156
7.229166666666667  7.458333333333333  -2.166666666666667  -1.8333333333333335  0.013372401670635956
7.229166666666667  7.458333333333333  -1.8333333333333335  -1.5  0.017660885632488126
7.229166666666667  7.458333333333333  -1.5  -1.166666666666667  0.025787749048741804
7.229166666666667  7.458333333333333  -1.166666666666667  -0.8333333333333339  0.02650747166072353
7.229166666666667  7.458333333333333  -0.8333333333333339  -0.5  0.01381488446488442
7.229166666666667  7.458333333333333  -0.5  -0.16666666666666696  0.002368764949011038
7.229166666666667  7.458333333333333  -0.16666666666666696  0.16666666666666607  0.00013052183859008743
7.229166666666667  7.458333333333333  0.16666666666666607  0.5  1.1114998420080738e-05
7.229166666666667  7.458333333333333  0.5  0.833333333333333  2.963999578686151e-06
7.229166666666667  7.458333333333333  0.833333333333333  1.166666666666666  0.0
7.229166666666667  7.458333333333333  1.166666666666666  1.5  0.0
7.229166666666667  7.458333333333333  1.5  1.833333333333333  0.0
7.229166666666667  7.458333333333333  1.833333333333333  2.166666666666666  0.0
7.229166666666667  7.458333333333333  2.166666666666666  2.5  0.0
7.458333333333333  7.6875  -5.5  -5.166666666666667  0.0
7.458333333333333  7.6875  -5.166666666666667  -4.833333333333333  0.0
7.458333333333333  7.6875  -4.833333333333333  -4.5  0.0
7.458333333333333  7.6875  -4.5  -4.166666666666667  0.0
7.458333333333333  7.6875  -4.166666666666667  -3.8333333333333335  0.0
7.458333333333333  7.6875  -3.8333333333333335  -3.5  0.0
7.458333333333333  7.6875  -3.5  -3.166666666666667  0.0
7.458333333333333  7.6875  -3.166666666666667  -2.8333333333333335  0.0028259618840236916
7.458333333333333  7.6875  -2.8333333333333335  -2.5  0.0032327708261988336
7.458333333333333  7.6875  -2.5  -2.166666666666667  0.0043951879466846006
7.458333333333333  7.6875  -2.166666666666667  -1.8333333333333335  0.006384349235367104
7.458333333333333  7.6875  -1.8333333333333335  -1.5  0.011215139262991213
7.458333333333333  7.6875  -1.5  -1.166666666666667  0.019257740405507137
7.458333333333333  7.6875  -1.166666666666667  -0.8333333333333339  0.029918400033026562
7.458333333333333  7.6875  -0.8333333333333339  -0.5  0.024299715403110392
7.458333333333333  7.6875  -0.5  -0.16666666666666696  0.006494969933929593
7.458333333333333  7.6875  -0.16666666666666696  0.16666666666666607  0.0004185590833623121
7.458333333333333  7.6875  0.16666666666666607  0.5  2.191242545673191e-05
7.458333333333333  7.6875  0.5  0.833333333333333  0.0
7.458333333333333  7.6875  0.833333333333333  1.166666666666666  0.0
7.458333333333333  7.6875  1.166666666666666  1.5  0.0
7.458333333333333  7.6875  1.5  1.833333333333333  0.0
7.458333333333333  7.6875  1.833333333333333  2.166666666666666  0.0
7.458333333333333  7.6875  2.166666666666666  2.5  0.0
7.6875  7.916666666666667  -5.5  -5.166666666666667  0.0
7.6875  7.916666666666667  -5.166666666666667  -4.833333333333333  0.0
7.6875  7.916666666666667  -4.833333333333333  -4.5  0.0
7.6875  7.916666666666667  -4.5  -4.166666666666667  0.0
7.6875  7.916666666666667  -4.166666666666667  -3.8333333333333335  0.0
7.6875  7.916666666666667  -3.8333333333333335  -3.5  0.0
7.6875  7.916666666666667  -3.5  -3.166666666666667  0.0
7.6875  7.916666666666667  -3.166666666666667  -2.8333333333333335  0.0005675000621908846
7.6875  7.916666666666667  -2.8333333333333335  -2.5  0.0008010208861407071
7.6875  7.916666666666667  -2.5  -2.166666666666667  0.0016571933358706758
7.6875  7.916666666666667  -2.166666666666667  -1.8333333333333335  0.0026294910548078903
7.6875  7.916666666666667  -1.8333333333333335  -1.5  0.00476695817955345
7.6875  7.916666666666667  -1.5  -1.166666666666667  0.010171599697036274
7.6875  7.916666666666667  -1.166666666666667  -0.8333333333333339  0.02362784021290156
7.6875  7.916666666666667  -0.8333333333333339  -0.5  0.03268963378197325
7.6875  7.916666666666667  -0.5  -0.16666666666666696  0.020528343510613622
7.6875  7.916666666666667  -0.16666666666666696  0.16666666666666607  0.0020956535592601714
7.6875  7.916666666666667  0.16666666666666607  0.5  2.7311138975126522e-05
7.6875  7.916666666666667  0.5  0.833333333333333  2.1171425562022027e-06
7.6875  7.916666666666667  0.833333333333333  1.166666666666666  0.0
7.6875  7.916666666666667  1.166666666666666  1.5  0.0
7.6875  7.916666666666667  1.5  1.833333333333333  0.0
7.6875  7.916666666666667  1.833333333333333  2.166666666666666  0.0
7.6875  7.916666666666667  2.166666666666666  2.5  0.0
7.916666666666667  8.145833333333334  -5.5  -5.166666666666667  0.0
7.916666666666667  8.145833333333334  -5.166666666666667  -4.833333333333333  0.0
7.916666666666667  8.145833333333334  -4.833333333333333  -4.5  0.0
7.916666666666667  8.145833333333334  -4.5  -4.166666666666667  0.0
7.916666666666667  8.145833333333334  -4.166666666666667  -3.8333333333333335  0.0
7.916666666666667  8.145833333333334  -3.8333333333333335  -3.5  0.0
7.916666666666667  8.145833333333334  -3.5  -3.166666666666667  0.0
7.916666666666667  8.145833333333334  -3.166666666666667  -2.8333333333333335  0.00011072655568952705
7.916666666666667  8.145833333333334  -2.8333333333333335  -2.5  0.00013867283743157407
7.916666666666667  8.145833333333334  -2.5  -2.166666666666667  0.00028930753030566677
7.916666666666667  8.145833333333334  -2.166666666666667  -1.8333333333333335  0.0004682060763051901
7.916666666666667  8.145833333333334  -1.8333333333333335  -1.5  0.001452677364940825
7.916666666666667  8.145833333333334  -1.5  -1.166666666666667  0.0027440284670984492
7.916666666666667  8.145833333333334  -1.166666666666667  -0.8333333333333339  0.008661759483079139
7.916666666666667  8.145833333333334  -0.8333333333333339  -0.5  0.02539554839020384
7.916666666666667  8.145833333333334  -0.5  -0.16666666666666696  0.036138776577419075
7.916666666666667  8.145833333333334  -0.16666666666666696  0.16666666666666607  0.013215203835839046
7.916666666666667  8.145833333333334  0.16666666666666607  0.5  0.0005645360626124594
7.916666666666667  8.145833333333334  0.5  0.833333333333333  2.8687281636603506e-05
7.916666666666667  8.145833333333334  0.833333333333333  1.166666666666666  8.997855863878534e-06
7.916666666666667  8.145833333333334  1.166666666666666  1.5  0.0
7.916666666666667  8.145833333333334  1.5  1.833333333333333  0.0
7.916666666666667  8.145833333333334  1.833333333333333  2.166666666666666  0.0
7.916666666666667  8.145833333333334  2.166666666666666  2.5  0.0
8.145833333333334  8.375  -5.5  -5.166666666666667  0.0
8.145833333333334  8.375  -5.166666666666667  -4.833333333333333  0.0
8.145833333333334  8.375  -4.833333333333333  -4.5  0.0
8.145833333333334  8.375  -4.5  -4.166666666666667  0.0
8.145833333333334  8.375  -4.166666666666667  -3.8333333333333335  0.0
8.145833333333334  8.375  -3.8333333333333335  -3.5  0.0
8.145833333333334  8.375  -3.5  -3.166666666666667  0.0
8.145833333333334  8.375  -3.166666666666667  -2.8333333333333335  7.494684648971443e-05
8.145833333333334  8.375  -2.8333333333333335  -2.5  7.621713202340201e-05
8.145833333333334  8.375  -2.5  -2.166666666666667  0.0
8.145833333333334  8.375  -2.166666666666667  -1.8333333333333335  3.9484708673285355e-05
8.145833333333334  8.375  -1.8333333333333335  -1.5  3.916713728974842e-05
8.145833333333334  8.375  -1.5  -1.166666666666667  0.0008489741650388167
8.145833333333334  8.375  -1.166666666666667  -0.8333333333333339  0.002241101252872077
8.145833333333334  8.375  -0.8333333333333339  -0.5  0.008425168802423147
8.145833333333334  8.375  -0.5  -0.16666666666666696  0.031554633657590626
8.145833333333334  8.375  -0.16666666666666696  0.16666666666666607  0.03500875173804303
8.145833333333334  8.375  0.16666666666666607  0.5  0.00540792308844575
8.145833333333334  8.375  0.5  0.833333333333333  0.0
8.145833333333334  8.375  0.833333333333333  1.166666666666666  0.0
8.145833333333334  8.375  1.166666666666666  1.5  0.0
8.145833333333334  8.375  1.5  1.833333333333333  0.0
8.145833333333334  8.375  1.833333333333333  2.166666666666666  0.0
8.145833333333334  8.375  2.166666666666666  2.5  0.0
8.375  8.604166666666666  -5.5  -5.166666666666667  0.0
8.375  8.604166666666666  -5.166666666666667  -4.833333333333333  0.0
8.375  8.604166666666666  -4.833333333333333  -4.5  0.0
8.375  8.604166666666666  -4.5  -4.166666666666667  0.0
8.375  8.604166666666666  -4.166666666666667  -3.8333333333333335  0.0
8.375  8.604166666666666  -3.8333333333333335  -3.5  0.0
8.375  8.604166666666666  -3.5  -3.166666666666667  0.0
8.375  8.604166666666666  -3.166666666666667  -2.8333333333333335  0.0
8.375  8.604166666666666  -2.8333333333333335  -2.5  0.0
8.375  8.604166666666666  -2.5  -2.166666666666667  0.0
8.375  8.604166666666666  -2.166666666666667  -1.8333333333333335  0.0
8.375  8.604166666666666  -1.8333333333333335  -1.5  0.0
8.375  8.604166666666666  -1.5  -1.166666666666667  0.0
8.375  8.604166666666666  -1.166666666666667  -0.8333333333333339  0.0002453768222642448
8.375  8.604166666666666  -0.8333333333333339  -0.5  0.00153355221058785
8.375  8.604166666666666  -0.5  -0.16666666666666696  0.007729687472708688
8.375  8.604166666666666  -0.16666666666666696  0.16666666666666607  0.032831058904727185
8.375  8.604166666666666  0.16666666666666607  0.5  0.029633538502088632
8.375  8.604166666666666  0.5  0.833333333333333  0.003062129136166853
8.375  8.604166666666666  0.833333333333333  1.166666666666666  0.0
8.375  8.604166666666666  1.166666666666666  1.5  0.0
8.375  8.604166666666666  1.5  1.833333333333333  0.0
8.375  8.604166666666666  1.833333333333333  2.166666666666666  0.0
8.375  8.604166666666666  2.166666666666666  2.5  0.0
8.604166666666666  8.833333333333334  -5.5  -5.166666666666667  0.0
8.604166666666666  8.833333333333334  -5.166666666666667  -4.833333333333333  0.0
8.604166666666666  8.833333333333334  -4.833333333333333  -4.5  0.0
8.604166666666666  8.833333333333334  -4.5  -4.166666666666667  0.0
8.604166666666666  8.833333333333334  -4.166666666666667  -3.8333333333333335  0.0
8.604166666666666  8.833333333333334  -3.8333333333333335  -3.5  0.0
8.604166666666666  8.833333333333334  -3.5  -3.166666666666667  0.0
8.604166666666666  8.833333333333334  -3.166666666666667  -2.8333333333333335  0.0
8.604166666666666  8.833333333333334  -2.8333333333333335  -2.5  0.0
8.604166666666666  8.833333333333334  -2.5  -2.166666666666667  0.0
8.604166666666666  8.833333333333334  -2.166666666666667  -1.8333333333333335  0.0
8.604166666666666  8.833333333333334  -1.8333333333333335  -1.5  0.0
8.604166666666666  8.833333333333334  -1.5  -1.166666666666667  0.00016058526288779978
8.604166666666666  8.833333333333334  -1.166666666666667  -0.8333333333333339  0.0
8.604166666666666  8.833333333333334  -0.8333333333333339  -0.5  0.00021975939733362605
8.604166666666666  8.833333333333334  -0.5  -0.16666666666666696  0.0004425886513738043
8.604166666666666  8.833333333333334  -0.16666666666666696  0.16666666666666607  0.01016217841265924
8.604166666666666  8.833333333333334  0.16666666666666607  0.5  0.037677621644392624
8.604166666666666  8.833333333333334  0.5  0.833333333333333  0.016455596375245293
8.604166666666666  8.833333333333334  0.833333333333333  1.166666666666666  0.0014364812243853494
8.604166666666666  8.833333333333334  1.166666666666666  1.5  0.0
8.604166666666666  8.833333333333334  1.5  1.833333333333333  0.0
8.604166666666666  8.833333333333334  1.833333333333333  2.166666666666666  0.0
8.604166666666666  8.833333333333334  2.166666666666666  2.5  0.0
8.833333333333334  9.0625  -5.5  -5.166666666666667  0.0
8.833333333333334  9.0625  -5.166666666666667  -4.833333333333333  0.0
8.833333333333334  9.0625  -4.833333333333333  -4.5  0.0
8.833333333333334  9.0625  -4.5  -4.166666666666667  0.0
8.833333333333334  9.0625  -4.166666666666667  -3.8333333333333335  0.0
8.833333333333334  9.0625  -3.8333333333333335  -3.5  0.0
8.833333333333334  9.0625  -3.5  -3.166666666666667  0.0
8.833333333333334  9.0625  -3.166666666666667  -2.8333333333333335  0.0
8.833333333333334  9.0625  -2.8333333333333335  -2.5  0.0
8.833333333333334  9.0625  -2.5  -2.166666666666667  0.0
8.833333333333334  9.0625  -2.166666666666667  -1.8333333333333335  0.0
8.833333333333334  9.0625  -1.8333333333333335  -1.5  0.0
8.833333333333334  9.0625  -1.5  -1.166666666666667  0.0
8.833333333333334  9.0625  -1.166666666666667  -0.8333333333333339  0.0
8.833333333333334  9.0625  -0.8333333333333339  -0.5  0.0
8.833333333333334  9.0625  -0.5  -0.16666666666666696  0.0
8.833333333333334  9.0625  -0.16666666666666696  0.16666666666666607  0.000574592489754017
8.833333333333334  9.0625  0.16666666666666607  0.5  0.010193194551112138
8.833333333333334  9.0625  0.5  0.833333333333333  0.026855635754095317
8.833333333333334  9.0625  0.833333333333333  1.166666666666666  0.011106847421241581
8.833333333333334  9.0625  1.166666666666666  1.5  0.0
8.833333333333334  9.0625  1.5  1.833333333333333  0.0
8.833333333333334  9.0625  1.833333333333333  2.166666666666666  0.0
8.833333333333334  9.0625  2.166666666666666  2.5  0.0
9.0625  9.291666666666666  -5.5  -5.166666666666667  0.0
9.0625  9.291666666666666  -5.166666666666667  -4.833333333333333  0.0
9.0625  9.291666666666666  -4.833333333333333  -4.5  0.0
9.0625  9.291666666666666  -4.5  -4.166666666666667  0.0
9.0625  9.291666666666666  -4.166666666666667  -3.8333333333333335  0.0
9.0625  9.291666666666666  -3.8333333333333335  -3.5  0.0
9.0625  9.291666666666666  -3.5  -3.166666666666667  0.0
9.0625  9.291666666666666  -3.166666666666667  -2.8333333333333335  0.0
9.0625  9.291666666666666  -2.8333333333333335  -2.5  0.0
9.0625  9.291666666666666  -2.5  -2.166666666666667  0.0
9.0625  9.291666666666666  -2.166666666666667  -1.8333333333333335  0.0
9.0625  9.291666666666666  -1.8333333333333335  -1.5  0.0
9.0625  9.291666666666666  -1.5  -1.166666666666667  0.0
9.0625  9.291666666666666  -1.166666666666667  -0.8333333333333339  0.0
9.0625  9.291666666666666  -0.8333333333333339  -0.5  0.0
9.0625  9.291666666666666  -0.5  -0.16666666666666696  0.00017275883258672557
9.0625  9.291666666666666  -0.16666666666666696  0.16666666666666607  0.00027702810347915105
9.0625  9.291666666666666  0.16666666666666607  0.5  0.0012083591139538604
9.0625  9.291666666666666  0.5  0.833333333333333  0.005738726612854235
9.0625  9.291666666666666  0.833333333333333  1.166666666666666  0.025767847908712196
9.0625  9.291666666666666  1.166666666666666  1.5  0.009233282116126772
9.0625  9.291666666666666  1.5  1.833333333333333  0.0
9.0625  9.291666666666666  1.833333333333333  2.166666666666666  0.0
9.0625  9.291666666666666  2.166666666666666  2.5  0.0
9.291666666666666  9.520833333333332  -5.5  -5.166666666666667  0.0
9.291666666666666  9.520833333333332  -5.166666666666667  -4.833333333333333  0.0
9.291666666666666  9.520833333333332  -4.833333333333333  -4.5  0.0
9.291666666666666  9.520833333333332  -4.5  -4.166666666666667  0.0
9.291666666666666  9.520833333333332  -4.166666666666667  -3.8333333333333335  0.0
9.291666666666666  9.520833333333332  -3.8333333333333335  -3.5  0.0
9.291666666666666  9.520833333333332  -3.5  -3.166666666666667  0.0
9.291666666666666  9.520833333333332  -3.166666666666667  -2.8333333333333335  0.0
9.291666666666666  9.520833333333332  -2.8333333333333335  -2.5  0.0
9.291666666666666  9.520833333333332  -2.5  -2.166666666666667  0.0
9.291666666666666  9.520833333333332  -2.166666666666667  -1.8333333333333335  0.0
9.291666666666666  9.520833333333332  -1.8333333333333335  -1.5  0.0
9.291666666666666  9.520833333333332  -1.5  -1.166666666666667  0.0
9.291666666666666  9.520833333333332  -1.166666666666667  -0.8333333333333339  0.0
9.291666666666666  9.520833333333332  -0.8333333333333339  -0.5  0.0
9.291666666666666  9.520833333333332  -0.5  -0.16666666666666696  0.0
9.291666666666666  9.520833333333332  -0.16666666666666696  0.16666666666666607  0.0003636192340278472
9.291666666666666  9.520833333333332  0.16666666666666607  0.5  0.0008762853040144033
9.291666666666666  9.520833333333332  0.5  0.833333333333333  0.0034511540808716728
9.291666666666666  9.520833333333332  0.833333333333333  1.166666666666666  0.008647574627952797
9.291666666666666  9.520833333333332  1.166666666666666  1.5  0.026453802096923423
9.291666666666666  9.520833333333332  1.5  1.833333333333333  0.0012305891107953105
9.291666666666666  9.520833333333332  1.833333333333333  2.166666666666666  0.0
9.291666666666666  9.520833333333332  2.166666666666666  2.5  0.0
9.520833333333332  9.75  -5.5  -5.166666666666667  0.0
9.520833333333332  9.75  -5.166666666666667  -4.833333333333333  0.0
9.520833333333332  9.75  -4.833333333333333  -4.5  0.0
9.520833333333332  9.75  -4.5  -4.166666666666667  0.0
9.520833333333332  9.75  -4.166666666666667  -3.8333333333333335  0.0
9.520833333333332  9.75  -3.8333333333333335  -3.5  0.0
9.520833333333332  9.75  -3.5  -3.166666666666667  0.0
9.520833333333332  9.75  -3.166666666666667  -2.8333333333333335  0.0
9.520833333333332  9.75  -2.8333333333333335  -2.5  0.0
9.520833333333332  9.75  -2.5  -2.166666666666667  0.0
9.520833333333332  9.75  -2.166666666666667  -1.8333333333333335  0.0
9.520833333333332  9.75  -1.8333333333333335  -1.5  0.0
9.520833333333332  9.75  -1.5  -1.166666666666667  0.0
9.520833333333332  9.75  -1.166666666666667  -0.8333333333333339  0.0
9.520833333333332  9.75  -0.8333333333333339  -0.5  0.0
9.520833333333332  9.75  -0.5  -0.16666666666666696  0.0
9.520833333333332  9.75  -0.16666666666666696  0.16666666666666607  0.0
9.520833333333332  9.75  0.16666666666666607  0.5  0.001132777124697839
9.520833333333332  9.75  0.5  0.833333333333333  0.0017063110431744227
9.520833333333332  9.75  0.833333333333333  1.166666666666666  0.0025119896429381242
9.520833333333332  9.75  1.166666666666666  1.5  0.018279832258794867
9.520833333333332  9.75  1.5  1.833333333333333  0.01242466280534929
9.520833333333332  9.75  1.833333333333333  2.166666666666666  0.0
9.520833333333332  9.75  2.166666666666666  2.5  0.0
9.75  9.979166666666666  -5.5  -5.166666666666667  0.0
9.75  9.979166666666666  -5.166666666666667  -4.833333333333333  0.0
9.75  9.979166666666666  -4.833333333333333  -4.5  0.0
9.75  9.979166666666666  -4.5  -4.166666666666667  0.0
9.75  9.979166666666666  -4.166666666666667  -3.8333333333333335  0.0
9.75  9.979166666666666  -3.8333333333333335  -3.5  0.0
9.75  9.979166666666666  -3.5  -3.166666666666667  0.0
9.75  9.979166666666666  -3.166666666666667  -2.8333333333333335  0.0
9.75  9.979166666666666  -2.8333333333333335  -2.5  0.0
9.75  9.979166666666666  -2.5  -2.166666666666667  0.0
9.75  9.979166666666666  -2.166666666666667  -1.8333333333333335  0.0
9.75  9.979166666666666  -1.8333333333333335  -1.5  0.0
9.75  9.979166666666666  -1.5  -1.166666666666667  0.0
9.75  9.979166666666666  -1.166666666666667  -0.8333333333333339  0.0
9.75  9.979166666666666  -0.8333333333333339  -0.5  0.0
9.75  9.979166666666666  -0.5  -0.16666666666666696  0.0
9.75  9.979166666666666  -0.16666666666666696  0.16666666666666607  0.0
9.75  9.979166666666666  0.16666666666666607  0.5  0.0
9.75  9.979166666666666  0.5  0.833333333333333  0.0013406805237174567
9.75  9.979166666666666  0.833333333333333  1.166666666666666  0.001191104402122332
9.75  9.979166666666666  1.166666666666666  1.5  0.004142506982600424
9.75  9.979166666666666  1.5  1.833333333333333  0.013273107684754756
9.75  9.979166666666666  1.833333333333333  2.166666666666666  0.004550692067430786
9.75  9.979166666666666  2.166666666666666  2.5  0.0
9.979166666666666  10.208333333333332  -5.5  -5.166666666666667  0.0
9.979166666666666  10.208333333333332  -5.166666666666667  -4.833333333333333  0.0
9.979166666666666  10.208333333333332  -4.833333333333333  -4.5  0.0
9.979166666666666  10.208333333333332  -4.5  -4.166666666666667  0.0
9.979166666666666  10.208333333333332  -4.166666666666667  -3.8333333333333335  0.0
9.979166666666666  10.208333333333332  -3.8333333333333335  -3.5  0.0
9.979166666666666  10.208333333333332  -3.5  -3.166666666666667  0.0
9.979166666666666  10.208333333333332  -3.166666666666667  -2.8333333333333335  0.0
9.979166666666666  10.208333333333332  -2.8333333333333335  -2.5  0.0
9.979166666666666  10.208333333333332  -2.5  -2.166666666666667  0.0
9.979166666666666  10.208333333333332  -2.166666666666667  -1.8333333333333335  0.0
9.979166666666666  10.208333333333332  -1.8333333333333335  -1.5  0.0
9.979166666666666  10.208333333333332  -1.5  -1.166666666666667  0.0
9.979166666666666  10.208333333333332  -1.166666666666667  -0.8333333333333339  0.0
9.979166666666666  10.208333333333332  -0.8333333333333339  -0.5  0.0
9.979166666666666  10.208333333333332  -0.5  -0.16666666666666696  0.0
9.979166666666666  10.208333333333332  -0.16666666666666696  0.16666666666666607  0.0
9.979166666666666  10.208333333333332  0.16666666666666607  0.5  0.0
9.979166666666666  10.208333333333332  0.5  0.833333333333333  0.0015152389274772004
9.979166666666666  10.208333333333332  0.833333333333333  1.166666666666666  0.0
9.979166666666666  10.208333333333332  1.166666666666666  1.5  0.0031492495523521187
9.979166666666666  10.208333333333332  1.5  1.833333333333333  0.007263175110451092
9.979166666666666  10.208333333333332  1.833333333333333  2.166666666666666  0.0068437691700734896
9.979166666666666  10.208333333333332  2.166666666666666  2.5  0.0
10.208333333333332  10.4375  -5.5  -5.166666666666667  0.0
10.208333333333332  10.4375  -5.166666666666667  -4.833333333333333  0.0
10.208333333333332  10.4375  -4.833333333333333  -4.5  0.0
10.208333333333332  10.4375  -4.5  -4.166666666666667  0.0
10.208333333333332  10.4375  -4.166666666666667  -3.8333333333333335  0.0
10.208333333333332  10.4375  -3.8333333333333335  -3.5  0.0
10.208333333333332  10.4375  -3.5  -3.166666666666667  0.0
10.208333333333332  10.4375  -3.166666666666667  -2.8333333333333335  0.0
10.208333333333332  10.4375  -2.8333333333333335  -2.5  0.0
10.208333333333332  10.4375  -2.5  -2.166666666666667  0.0
10.208333333333332  10.4375  -2.166666666666667  -1.8333333333333335  0.0
10.208333333333332  10.4375  -1.8333333333333335  -1.5  0.0
10.208333333333332  10.4375  -1.5  -1.166666666666667  0.0
10.208333333333332  10.4375  -1.166666666666667  -0.8333333333333339  0.0
10.208333333333332  10.4375  -0.8333333333333339  -0.5  0.0
10.208333333333332  10.4375  -0.5  -0.16666666666666696  0.0
10.208333333333332  10.4375  -0.16666666666666696  0.16666666666666607  0.0
10.208333333333332  10.4375  0.16666666666666607  0.5  0.0
10.208333333333332  10.4375  0.5  0.833333333333333  0.0
10.208333333333332  10.4375  0.833333333333333  1.166666666666666  0.0
10.208333333333332  10.4375  1.166666666666666  1.5  0.0
10.208333333333332  10.4375  1.5  1.833333333333333  0.0015375747814428658
10.208333333333332  10.4375  1.833333333333333  2.166666666666666  0.003752846895133593
10.208333333333332  10.4375  2.166666666666666  2.5  0.003025184998556494
10.4375  10.666666666666666  -5.5  -5.166666666666667  0.0
10.4375  10.666666666666666  -5.166666666666667  -4.833333333333333  0.0
10.4375  10.666666666666666  -4.833333333333333  -4.5  0.0
10.4375  10.666666666666666  -4.5  -4.166666666666667  0.0
10.4375  10.666666666666666  -4.166666666666667  -3.8333333333333335  0.0
10.4375  10.666666666666666  -3.8333333333333335  -3.5  0.0
10.4375  10.666666666666666  -3.5  -3.166666666666667  0.0
10.4375  10.666666666666666  -3.166666666666667  -2.8333333333333335  0.0
10.4375  10.666666666666666  -2.8333333333333335  -2.5  0.0
10.4375  10.666666666666666  -2.5  -2.166666666666667  0.0
10.4375  10.666666666666666  -2.166666666666667  -1.8333333333333335  0.0
10.4375  10.666666666666666  -1.8333333333333335  -1.5  0.0
10.4375  10.666666666666666  -1.5  -1.166666666666667  0.0
10.4375  10.666666666666666  -1.166666666666667  -0.8333333333333339  0.0
10.4375  10.666666666666666  -0.8333333333333339  -0.5  0.0
10.4375  10.666666666666666  -0.5  -0.16666666666666696  0.0
10.4375  10.666666666666666  -0.16666666666666696  0.16666666666666607  0.0
10.4375  10.666666666666666  0.16666666666666607  0.5  0.0
10.4375  10.666666666666666  0.5  0.833333333333333  0.0
10.4375  10.666666666666666  0.833333333333333  1.166666666666666  0.0
10.4375  10.666666666666666  1.166666666666666  1.5  0.0
10.4375  10.666666666666666  1.5  1.833333333333333  0.0
10.4375  10.666666666666666  1.833333333333333  2.166666666666666  0.0
10.4375  10.666666666666666  2.166666666666666  2.5  0.0
10.666666666666666  10.895833333333332  -5.5  -5.166666666666667  0.0
10.666666666666666  10.895833333333332  -5.166666666666667  -4.833333333333333  0.0
10.666666666666666  10.895833333333332  -4.833333333333333  -4.5  0.0
10.666666666666666  10.895833333333332  -4.5  -4.166666666666667  0.0
10.666666666666666  10.895833333333332  -4.166666666666667  -3.8333333333333335  0.0
10.666666666666666  10.895833333333332  -3.8333333333333335  -3.5  0.0
10.666666666666666  10.895833333333332  -3.5  -3.166666666666667  0.0
10.666666666666666  10.895833333333332  -3.166666666666667  -2.8333333333333335  0.0
10.666666666666666  10.895833333333332  -2.8333333333333335  -2.5  0.0
10.666666666666666  10.895833333333332  -2.5  -2.166666666666667  0.0
10.666666666666666  10.895833333333332  -2.166666666666667  -1.8333333333333335  0.0
10.666666666666666  10.895833333333332  -1.8333333333333335  -1.5  0.0
10.666666666666666  10.895833333333332  -1.5  -1.166666666666667  0.0
10.666666666666666  10.895833333333332  -1.166666666666667  -0.8333333333333339  0.0
10.666666666666666  10.895833333333332  -0.8333333333333339  -0.5  0.0
10.666666666666666  10.895833333333332  -0.5  -0.16666666666666696  0.0
10.666666666666666  10.895833333333332  -0.16666666666666696  0.16666666666666607  0.0
10.666666666666666  10.895833333333332  0.16666666666666607  0.5  0.0
10.666666666666666  10.895833333333332  0.5  0.833333333333333  0.0
10.666666666666666  10.895833333333332  0.833333333333333  1.166666666666666  0.0
10.666666666666666  10.895833333333332  1.166666666666666  1.5  0.0
10.666666666666666  10.895833333333332  1.5  1.833333333333333  0.0
10.666666666666666  10.895833333333332  1.833333333333333  2.166666666666666  0.0
10.666666666666666  10.895833333333332  2.166666666666666  2.5  0.0
10.895833333333332  11.125  -5.5  -5.166666666666667  0.0
10.895833333333332  11.125  -5.166666666666667  -4.833333333333333  0.0
10.895833333333332  11.125  -4.833333333333333  -4.5  0.0
10.895833333333332  11.125  -4.5  -4.166666666666667  0.0
10.895833333333332  11.125  -4.166666666666667  -3.8333333333333335  0.0
10.895833333333332  11.125  -3.8333333333333335  -3.5  0.0
10.895833333333332  11.125  -3.5  -3.166666666666667  0.0
10.895833333333332  11.125  -3.166666666666667  -2.8333333333333335  0.0
10.895833333333332  11.125  -2.8333333333333335  -2.5  0.0
10.895833333333332  11.125  -2.5  -2.166666666666667  0.0
10.895833333333332  11.125  -2.166666666666667  -1.8333333333333335  0.0
10.895833333333332  11.125  -1.8333333333333335  -1.5  0.0
10.895833333333332  11.125  -1.5  -1.166666666666667  0.0
10.895833333333332  11.125  -1.166666666666667  -0.8333333333333339  0.0
10.895833333333332  11.125  -0.8333333333333339  -0.5  0.0
10.895833333333332  11.125  -0.5  -0.16666666666666696  0.0
10.895833333333332  11.125  -0.16666666666666696  0.16666666666666607  0.0
10.895833333333332  11.125  0.16666666666666607  0.5  0.0
10.895833333333332  11.125  0.5  0.833333333333333  0.0
10.895833333333332  11.125  0.833333333333333  1.166666666666666  0.0
10.895833333333332  11.125  1.166666666666666  1.5  0.0
10.895833333333332  11.125  1.5  1.833333333333333  0.0
10.895833333333332  11.125  1.833333333333333  2.166666666666666  0.0
10.895833333333332  11.125  2.166666666666666  2.5  0.0
11.125  11.354166666666666  -5.5  -5.166666666666667  0.0
11.125  11.354166666666666  -5.166666666666667  -4.833333333333333  0.0
11.125  11.354166666666666  -4.833333333333333  -4.5  0.0
11.125  11.354166666666666  -4.5  -4.166666666666667  0.0
11.125  11.354166666666666  -4.166666666666667  -3.8333333333333335  0.0
11.125  11.354166666666666  -3.8333333333333335  -3.5  0.0
11.125  11.354166666666666  -3.5  -3.166666666666667  0.0
11.125  11.354166666666666  -3.166666666666667  -2.8333333333333335  0.0
11.125  11.354166666666666  -2.8333333333333335  -2.5  0.0
11.125  11.354166666666666  -2.5  -2.166666666666667  0.0
11.125  11.354166666666666  -2.166666666666667  -1.8333333333333335  0.0
11.125  11.354166666666666  -1.8333333333333335  -1.5  0.0
11.125  11.354166666666666  -1.5  -1.166666666666667  0.0
11.125  11.354166666666666  -1.166666666666667  -0.8333333333333339  0.0
11.125  11.354166666666666  -0.8333333333333339  -0.5  0.0
11.125  11.354166666666666  -0.5  -0.16666666666666696  0.0
11.125  11.354166666666666  -0.16666666666666696  0.16666666666666607  0.0
11.125  11.354166666666666  0.16666666666666607  0.5  0.0
11.125  11.354166666666666  0.5  0.833333333333333  0.0
11.125  11.354166666666666  0.833333333333333  1.166666666666666  0.0
11.125  11.354166666666666  1.166666666666666  1.5  0.0
11.125  11.354166666666666  1.5  1.833333333333333  0.0
11.125  11.354166666666666  1.833333333333333  2.166666666666666  0.0
11.125  11.354166666666666  2.166666666666666  2.5  0.0
11.354166666666666  11.583333333333332  -5.5  -5.166666666666667  0.0
11.354166666666666  11.583333333333332  -5.166666666666667  -4.833333333333333  0.0
11.354166666666666  11.583333333333332  -4.833333333333333  -4.5  0.0
11.354166666666666  11.583333333333332  -4.5  -4.166666666666667  0.0
11.354166666666666  11.583333333333332  -4.166666666666667  -3.8333333333333335  0.0
11.354166666666666  11.583333333333332  -3.8333333333333335  -3.5  0.0
11.354166666666666  11.583333333333332  -3.5  -3.166666666666667  0.0
11.354166666666666  11.583333333333332  -3.166666666666667  -2.8333333333333335  0.0
11.354166666666666  11.583333333333332  -2.8333333333333335  -2.5  0.0
11.354166666666666  11.583333333333332  -2.5  -2.166666666666667  0.0
11.354166666666666  11.583333333333332  -2.166666666666667  -1.8333333333333335  0.0
11.354166666666666  11.583333333333332  -1.8333333333333335  -1.5  0.0
11.354166666666666  11.583333333333332  -1.5  -1.166666666666667  0.0
11.354166666666666  11.583333333333332  -1.166666666666667  -0.8333333333333339  0.0
11.354166666666666  11.583333333333332  -0.8333333333333339  -0.5  0.0
11.354166666666666  11.583333333333332  -0.5  -0.16666666666666696  0.0
11.354166666666666  11.583333333333332  -0.16666666666666696  0.16666666666666607  0.0
11.354166666666666  11.583333333333332  0.16666666666666607  0.5  0.0
11.354166666666666  11.583333333333332  0.5  0.833333333333333  0.0
11.354166666666666  11.583333333333332  0.833333333333333  1.166666666666666  0.0
11.354166666666666  11.583333333333332  1.166666666666666  1.5  0.0
11.354166666666666  11.583333333333332  1.5  1.833333333333333  0.0
11.354166666666666  11.583333333333332  1.833333333333333  2.166666666666666  0.0
11.354166666666666  11.583333333333332  2.166666666666666  2.5  0.0
11.583333333333332  11.8125  -5.5  -5.166666666666667  0.0
11.583333333333332  11.8125  -5.166666666666667  -4.833333333333333  0.0
11.583333333333332  11.8125  -4.833333333333333  -4.5  0.0
11.583333333333332  11.8125  -4.5  -4.166666666666667  0.0
11.583333333333332  11.8125  -4.166666666666667  -3.8333333333333335  0.0
11.583333333333332  11.8125  -3.8333333333333335  -3.5  0.0
11.583333333333332  11.8125  -3.5  -3.166666666666667  0.0
11.583333333333332  11.8125  -3.166666666666667  -2.8333333333333335  0.0
11.583333333333332  11.8125  -2.8333333333333335  -2.5  0.0
11.583333333333332  11.8125  -2.5  -2.166666666666667  0.0
11.583333333333332  11.8125  -2.166666666666667  -1.8333333333333335  0.0
11.583333333333332  11.8125  -1.8333333333333335  -1.5  0.0
11.583333333333332  11.8125  -1.5  -1.166666666666667  0.0
11.583333333333332  11.8125  -1.166666666666667  -0.8333333333333339  0.0
11.583333333333332  11.8125  -0.8333333333333339  -0.5  0.0
11.583333333333332  11.8125  -0.5  -0.16666666666666696  0.0
11.583333333333332  11.8125  -0.16666666666666696  0.16666666666666607  0.0
11.583333333333332  11.8125  0.16666666666666607  0.5  0.0
11.583333333333332  11.8125  0.5  0.833333333333333  0.0
11.583333333333332  11.8125  0.833333333333333  1.166666666666666  0.0
11.583333333333332  11.8125  1.166666666666666  1.5  0.0
11.583333333333332  11.8125  1.5  1.833333333333333  0.0
11.583333333333332  11.8125  1.833333333333333  2.166666666666666  0.0
11.583333333333332  11.8125  2.166666666666666  2.5  0.0
11.8125  12.041666666666666  -5.5  -5.166666666666667  0.0
11.8125  12.041666666666666  -5.166666666666667  -4.833333333333333  0.0
11.8125  12.041666666666666  -4.833333333333333  -4.5  0.0
11.8125  12.041666666666666  -4.5  -4.166666666666667  0.0
11.8125  12.041666666666666  -4.166666666666667  -3.8333333333333335  0.0
11.8125  12.041666666666666  -3.8333333333333335  -3.5  0.0
11.8125  12.041666666666666  -3.5  -3.166666666666667  0.0
11.8125  12.041666666666666  -3.166666666666667  -2.8333333333333335  0.0
11.8125  12.041666666666666  -2.8333333333333335  -2.5  0.0
11.8125  12.041666666666666  -2.5  -2.166666666666667  0.0
11.8125  12.041666666666666  -2.166666666666667  -1.8333333333333335  0.0
11.8125  12.041666666666666  -1.8333333333333335  -1.5  0.0
11.8125  12.041666666666666  -1.5  -1.166666666666667  0.0
11.8125  12.041666666666666  -1.166666666666667  -0.8333333333333339  0.0
11.8125  12.041666666666666  -0.8333333333333339  -0.5  0.0
11.8125  12.041666666666666  -0.5  -0.16666666666666696  0.0
11.8125  12.041666666666666  -0.16666666666666696  0.16666666666666607  0.0
11.8125  12.041666666666666  0.16666666666666607  0.5  0.0
11.8125  12.041666666666666  0.5  0.833333333333333  0.0
11.8125  12.041666666666666  0.833333333333333  1.166666666666666  0.0
11.8125  12.041666666666666  1.166666666666666  1.5  0.0
11.8125  12.041666666666666  1.5  1.833333333333333  0.0
11.8125  12.041666666666666  1.833333333333333  2.166666666666666  0.0
11.8125  12.041666666666666  2.166666666666666  2.5  0.0
12.041666666666666  12.270833333333332  -5.5  -5.166666666666667  0.0
12.041666666666666  12.270833333333332  -5.166666666666667  -4.833333333333333  0.0
12.041666666666666  12.270833333333332  -4.833333333333333  -4.5  0.0
12.041666666666666  12.270833333333332  -4.5  -4.166666666666667  0.0
12.041666666666666  12.270833333333332  -4.166666666666667  -3.8333333333333335  0.0
12.041666666666666  12.270833333333332  -3.8333333333333335  -3.5  0.0
12.041666666666666  12.270833333333332  -3.5  -3.166666666666667  0.0
12.041666666666666  12.270833333333332  -3.166666666666667  -2.8333333333333335  0.0
12.041666666666666  12.270833333333332  -2.8333333333333335  -2.5  0.0
12.041666666666666  12.270833333333332  -2.5  -2.166666666666667  0.0
12.041666666666666  12.270833333333332  -2.166666666666667  -1.8333333333333335  0.0
12.041666666666666  12.270833333333332  -1.8333333333333335  -1.5  0.0
12.041666666666666  12.270833333333332  -1.5  -1.166666666666667  0.0
12.041666666666666  12.270833333333332  -1.166666666666667  -0.8333333333333339  0.0
12.041666666666666  12.270833333333332  -0.8333333333333339  -0.5  0.0
12.041666666666666  12.270833333333332  -0.5  -0.16666666666666696  0.0
12.041666666666666  12.270833333333332  -0.16666666666666696  0.16666666666666607  0.0
12.041666666666666  12.270833333333332  0.16666666666666607  0.5  0.0
12.041666666666666  12.270833333333332  0.5  0.833333333333333  0.0
12.041666666666666  12.270833333333332  0.833333333333333  1.166666666666666  0.0
12.041666666666666  12.270833333333332  1.166666666666666  1.5  0.0
12.041666666666666  12.270833333333332  1.5  1.833333333333333  0.0
12.041666666666666  12.270833333333332  1.833333333333333  2.166666666666666  0.0
12.041666666666666  12.270833333333332  2.166666666666666  2.5  0.0
12.270833333333332  12.5  -5.5  -5.166666666666667  0.0
12.270833333333332  12.5  -5.166666666666667  -4.833333333333333  0.0
12.270833333333332  12.5  -4.833333333333333  -4.5  0.0
12.270833333333332  12.5  -4.5  -4.166666666666667  0.0
12.270833333333332  12.5  -4.166666666666667  -3.8333333333333335  0.0
12.270833333333332  12.5  -3.8333333333333335  -3.5  0.0
12.270833333333332  12.5  -3.5  -3.166666666666667  0.0
12.270833333333332  12.5  -3.166666666666667  -2.8333333333333335  0.0
12.270833333333332  12.5  -2.8333333333333335  -2.5  0.0
12.270833333333332  12.5  -2.5  -2.166666666666667  0.0
12.270833333333332  12.5  -2.166666666666667  -1.8333333333333335  0.0
12.270833333333332  12.5  -1.8333333333333335  -1.5  0.0
12.270833333333332  12.5  -1.5  -1.166666666666667  0.0
12.270833333333332  12.5  -1.166666666666667  -0.8333333333333339  0.0
12.270833333333332  12.5  -0.8333333333333339  -0.5  0.0
12.270833333333332  12.5  -0.5  -0.16666666666666696  0.0
12.270833333333332  12.5  -0.16666666666666696  0.16666666666666607  0.0
12.270833333333332  12.5  0.16666666666666607  0.5  0.0
12.270833333333332  12.5  0.5  0.833333333333333  0.0
12.270833333333332  12.5  0.833333333333333  1.166666666666666  0.0
12.270833333333332  12.5  1.166666666666666  1.5  0.0
12.270833333333332  12.5  1.5  1.833333333333333  0.0
12.270833333333332  12.5  1.833333333333333  2.166666666666666  0.0
12.270833333333332  12.5  2.166666666666666  2.5  0.0
