#logMsmin    logMsmax    logSFRmin    logSFRmax    Prob
7.0  7.25  -5.5  -5.136363636363637  0.0
7.0  7.25  -5.5  -5.136363636363637  0.0
7.0  7.25  -5.5  -5.136363636363637  0.0
7.0  7.25  -5.5  -5.136363636363637  1.9743100551054964e-05
7.0  7.25  -5.5  -5.136363636363637  0.0003695574736950992
7.0  7.25  -5.5  -5.136363636363637  0.00032089490191433007
7.0  7.25  -5.5  -5.136363636363637  0.0007146446255804403
7.0  7.25  -5.5  -5.136363636363637  0.0010558387717233197
7.0  7.25  -5.5  -5.136363636363637  0.0018158091070195623
7.0  7.25  -5.5  -5.136363636363637  0.0013322421794380891
7.0  7.25  -5.5  -5.136363636363637  0.0006334476486662424
7.0  7.25  -5.5  -5.136363636363637  0.00021133459744791228
7.0  7.25  -5.5  -5.136363636363637  4.6437997070791256e-05
7.0  7.25  -5.5  -5.136363636363637  0.0
7.0  7.25  -5.5  -5.136363636363637  0.0
7.0  7.25  -5.5  -5.136363636363637  0.0
7.0  7.25  -5.5  -5.136363636363637  0.0
7.0  7.25  -5.5  -5.136363636363637  0.0
7.0  7.25  -5.5  -5.136363636363637  0.0
7.0  7.25  -5.5  -5.136363636363637  0.0
7.0  7.25  -5.5  -5.136363636363637  0.0
7.25  7.5  -5.136363636363637  -4.7727272727272725  0.0
7.25  7.5  -5.136363636363637  -4.7727272727272725  0.0
7.25  7.5  -5.136363636363637  -4.7727272727272725  0.0
7.25  7.5  -5.136363636363637  -4.7727272727272725  3.503705168215388e-05
7.25  7.5  -5.136363636363637  -4.7727272727272725  0.00048245464022648397
7.25  7.5  -5.136363636363637  -4.7727272727272725  0.00046382382703041803
7.25  7.5  -5.136363636363637  -4.7727272727272725  0.0007460667433588799
7.25  7.5  -5.136363636363637  -4.7727272727272725  0.0011940404755807045
7.25  7.5  -5.136363636363637  -4.7727272727272725  0.0027061951346882664
7.25  7.5  -5.136363636363637  -4.7727272727272725  0.002428123295941013
7.25  7.5  -5.136363636363637  -4.7727272727272725  0.002120575842286551
7.25  7.5  -5.136363636363637  -4.7727272727272725  0.0005116521832949455
7.25  7.5  -5.136363636363637  -4.7727272727272725  9.148563494784624e-05
7.25  7.5  -5.136363636363637  -4.7727272727272725  0.0
7.25  7.5  -5.136363636363637  -4.7727272727272725  0.0
7.25  7.5  -5.136363636363637  -4.7727272727272725  0.0
7.25  7.5  -5.136363636363637  -4.7727272727272725  0.0
7.25  7.5  -5.136363636363637  -4.7727272727272725  0.0
7.25  7.5  -5.136363636363637  -4.7727272727272725  0.0
7.25  7.5  -5.136363636363637  -4.7727272727272725  0.0
7.25  7.5  -5.136363636363637  -4.7727272727272725  0.0
7.5  7.75  -4.7727272727272725  -4.409090909090909  0.0
7.5  7.75  -4.7727272727272725  -4.409090909090909  0.0
7.5  7.75  -4.7727272727272725  -4.409090909090909  0.0
7.5  7.75  -4.7727272727272725  -4.409090909090909  0.0001053892268852089
7.5  7.75  -4.7727272727272725  -4.409090909090909  0.0004357385713169455
7.5  7.75  -4.7727272727272725  -4.409090909090909  0.00018547391644441777
7.5  7.75  -4.7727272727272725  -4.409090909090909  0.0004832888557427257
7.5  7.75  -4.7727272727272725  -4.409090909090909  0.0007913924530746821
7.5  7.75  -4.7727272727272725  -4.409090909090909  0.0019854329286553866
7.5  7.75  -4.7727272727272725  -4.409090909090909  0.004825380617781081
7.5  7.75  -4.7727272727272725  -4.409090909090909  0.005269183272421697
7.5  7.75  -4.7727272727272725  -4.409090909090909  0.002837723114415717
7.5  7.75  -4.7727272727272725  -4.409090909090909  0.00035843460014520917
7.5  7.75  -4.7727272727272725  -4.409090909090909  0.0
7.5  7.75  -4.7727272727272725  -4.409090909090909  0.0
7.5  7.75  -4.7727272727272725  -4.409090909090909  0.0
7.5  7.75  -4.7727272727272725  -4.409090909090909  0.0
7.5  7.75  -4.7727272727272725  -4.409090909090909  0.0
7.5  7.75  -4.7727272727272725  -4.409090909090909  0.0
7.5  7.75  -4.7727272727272725  -4.409090909090909  0.0
7.5  7.75  -4.7727272727272725  -4.409090909090909  0.0
7.75  8.0  -4.409090909090909  -4.045454545454545  0.0
7.75  8.0  -4.409090909090909  -4.045454545454545  0.0
7.75  8.0  -4.409090909090909  -4.045454545454545  0.0
7.75  8.0  -4.409090909090909  -4.045454545454545  0.0001237419682425276
7.75  8.0  -4.409090909090909  -4.045454545454545  0.0
7.75  8.0  -4.409090909090909  -4.045454545454545  0.0
7.75  8.0  -4.409090909090909  -4.045454545454545  0.00039347165182736303
7.75  8.0  -4.409090909090909  -4.045454545454545  0.00019298185609059357
7.75  8.0  -4.409090909090909  -4.045454545454545  0.0013074937857895839
7.75  8.0  -4.409090909090909  -4.045454545454545  0.004419395733210092
7.75  8.0  -4.409090909090909  -4.045454545454545  0.007690076700555281
7.75  8.0  -4.409090909090909  -4.045454545454545  0.00792838426636168
7.75  8.0  -4.409090909090909  -4.045454545454545  0.002640292108905168
7.75  8.0  -4.409090909090909  -4.045454545454545  0.0
7.75  8.0  -4.409090909090909  -4.045454545454545  0.0
7.75  8.0  -4.409090909090909  -4.045454545454545  0.0
7.75  8.0  -4.409090909090909  -4.045454545454545  0.0
7.75  8.0  -4.409090909090909  -4.045454545454545  0.0
7.75  8.0  -4.409090909090909  -4.045454545454545  0.0
7.75  8.0  -4.409090909090909  -4.045454545454545  0.0
7.75  8.0  -4.409090909090909  -4.045454545454545  0.0
8.0  8.25  -4.045454545454545  -3.6818181818181817  0.0
8.0  8.25  -4.045454545454545  -3.6818181818181817  0.0
8.0  8.25  -4.045454545454545  -3.6818181818181817  0.0
8.0  8.25  -4.045454545454545  -3.6818181818181817  0.0
8.0  8.25  -4.045454545454545  -3.6818181818181817  0.0
8.0  8.25  -4.045454545454545  -3.6818181818181817  0.00033118355994797837
8.0  8.25  -4.045454545454545  -3.6818181818181817  0.0
8.0  8.25  -4.045454545454545  -3.6818181818181817  0.0002675051088748574
8.0  8.25  -4.045454545454545  -3.6818181818181817  0.0005436304447508796
8.0  8.25  -4.045454545454545  -3.6818181818181817  0.00124409340655521
8.0  8.25  -4.045454545454545  -3.6818181818181817  0.007204285198263832
8.0  8.25  -4.045454545454545  -3.6818181818181817  0.013102188898093068
8.0  8.25  -4.045454545454545  -3.6818181818181817  0.007648643996581943
8.0  8.25  -4.045454545454545  -3.6818181818181817  0.0011865325359345287
8.0  8.25  -4.045454545454545  -3.6818181818181817  0.0
8.0  8.25  -4.045454545454545  -3.6818181818181817  0.0
8.0  8.25  -4.045454545454545  -3.6818181818181817  0.0
8.0  8.25  -4.045454545454545  -3.6818181818181817  0.0
8.0  8.25  -4.045454545454545  -3.6818181818181817  0.0
8.0  8.25  -4.045454545454545  -3.6818181818181817  0.0
8.0  8.25  -4.045454545454545  -3.6818181818181817  0.0
8.25  8.5  -3.6818181818181817  -3.3181818181818183  0.0
8.25  8.5  -3.6818181818181817  -3.3181818181818183  0.0
8.25  8.5  -3.6818181818181817  -3.3181818181818183  0.0
8.25  8.5  -3.6818181818181817  -3.3181818181818183  0.0
8.25  8.5  -3.6818181818181817  -3.3181818181818183  0.0
8.25  8.5  -3.6818181818181817  -3.3181818181818183  0.0
8.25  8.5  -3.6818181818181817  -3.3181818181818183  0.0
8.25  8.5  -3.6818181818181817  -3.3181818181818183  0.0
8.25  8.5  -3.6818181818181817  -3.3181818181818183  0.0
8.25  8.5  -3.6818181818181817  -3.3181818181818183  0.000660420617024726
8.25  8.5  -3.6818181818181817  -3.3181818181818183  0.0014598771534230783
8.25  8.5  -3.6818181818181817  -3.3181818181818183  0.006714878762068665
8.25  8.5  -3.6818181818181817  -3.3181818181818183  0.016801934712625262
8.25  8.5  -3.6818181818181817  -3.3181818181818183  0.006667328477642885
8.25  8.5  -3.6818181818181817  -3.3181818181818183  0.00041460511157215426
8.25  8.5  -3.6818181818181817  -3.3181818181818183  0.0
8.25  8.5  -3.6818181818181817  -3.3181818181818183  0.0
8.25  8.5  -3.6818181818181817  -3.3181818181818183  0.0
8.25  8.5  -3.6818181818181817  -3.3181818181818183  0.0
8.25  8.5  -3.6818181818181817  -3.3181818181818183  0.0
8.25  8.5  -3.6818181818181817  -3.3181818181818183  0.0
8.5  8.75  -3.3181818181818183  -2.9545454545454546  0.0
8.5  8.75  -3.3181818181818183  -2.9545454545454546  0.0
8.5  8.75  -3.3181818181818183  -2.9545454545454546  0.0
8.5  8.75  -3.3181818181818183  -2.9545454545454546  0.0
8.5  8.75  -3.3181818181818183  -2.9545454545454546  0.0
8.5  8.75  -3.3181818181818183  -2.9545454545454546  0.0
8.5  8.75  -3.3181818181818183  -2.9545454545454546  0.0
8.5  8.75  -3.3181818181818183  -2.9545454545454546  0.0
8.5  8.75  -3.3181818181818183  -2.9545454545454546  0.0
8.5  8.75  -3.3181818181818183  -2.9545454545454546  0.0005917368728541544
8.5  8.75  -3.3181818181818183  -2.9545454545454546  0.0
8.5  8.75  -3.3181818181818183  -2.9545454545454546  0.002321343709862068
8.5  8.75  -3.3181818181818183  -2.9545454545454546  0.011435982440319528
8.5  8.75  -3.3181818181818183  -2.9545454545454546  0.03043134781698313
8.5  8.75  -3.3181818181818183  -2.9545454545454546  0.0034294599872698715
8.5  8.75  -3.3181818181818183  -2.9545454545454546  0.0
8.5  8.75  -3.3181818181818183  -2.9545454545454546  0.0
8.5  8.75  -3.3181818181818183  -2.9545454545454546  0.0
8.5  8.75  -3.3181818181818183  -2.9545454545454546  0.0
8.5  8.75  -3.3181818181818183  -2.9545454545454546  0.0
8.5  8.75  -3.3181818181818183  -2.9545454545454546  0.0
8.75  9.0  -2.9545454545454546  -2.590909090909091  0.0
8.75  9.0  -2.9545454545454546  -2.590909090909091  0.0
8.75  9.0  -2.9545454545454546  -2.590909090909091  0.0
8.75  9.0  -2.9545454545454546  -2.590909090909091  0.0
8.75  9.0  -2.9545454545454546  -2.590909090909091  0.0
8.75  9.0  -2.9545454545454546  -2.590909090909091  0.0
8.75  9.0  -2.9545454545454546  -2.590909090909091  0.0
8.75  9.0  -2.9545454545454546  -2.590909090909091  0.0
8.75  9.0  -2.9545454545454546  -2.590909090909091  0.0
8.75  9.0  -2.9545454545454546  -2.590909090909091  0.0
8.75  9.0  -2.9545454545454546  -2.590909090909091  0.0
8.75  9.0  -2.9545454545454546  -2.590909090909091  0.0006298327147625281
8.75  9.0  -2.9545454545454546  -2.590909090909091  0.00225432839672398
8.75  9.0  -2.9545454545454546  -2.590909090909091  0.02495416680917848
8.75  9.0  -2.9545454545454546  -2.590909090909091  0.02034456993826527
8.75  9.0  -2.9545454545454546  -2.590909090909091  0.0
8.75  9.0  -2.9545454545454546  -2.590909090909091  0.0
8.75  9.0  -2.9545454545454546  -2.590909090909091  0.0
8.75  9.0  -2.9545454545454546  -2.590909090909091  0.0
8.75  9.0  -2.9545454545454546  -2.590909090909091  0.0
8.75  9.0  -2.9545454545454546  -2.590909090909091  0.0
9.0  9.25  -2.590909090909091  -2.227272727272727  0.0
9.0  9.25  -2.590909090909091  -2.227272727272727  0.0
9.0  9.25  -2.590909090909091  -2.227272727272727  0.0
9.0  9.25  -2.590909090909091  -2.227272727272727  0.0
9.0  9.25  -2.590909090909091  -2.227272727272727  0.0
9.0  9.25  -2.590909090909091  -2.227272727272727  0.0
9.0  9.25  -2.590909090909091  -2.227272727272727  0.0
9.0  9.25  -2.590909090909091  -2.227272727272727  0.0
9.0  9.25  -2.590909090909091  -2.227272727272727  0.0
9.0  9.25  -2.590909090909091  -2.227272727272727  0.0
9.0  9.25  -2.590909090909091  -2.227272727272727  0.0
9.0  9.25  -2.590909090909091  -2.227272727272727  0.0
9.0  9.25  -2.590909090909091  -2.227272727272727  0.0
9.0  9.25  -2.590909090909091  -2.227272727272727  0.005234702364417037
9.0  9.25  -2.590909090909091  -2.227272727272727  0.033820765459473386
9.0  9.25  -2.590909090909091  -2.227272727272727  0.007311064784342776
9.0  9.25  -2.590909090909091  -2.227272727272727  0.0
9.0  9.25  -2.590909090909091  -2.227272727272727  0.0
9.0  9.25  -2.590909090909091  -2.227272727272727  0.0
9.0  9.25  -2.590909090909091  -2.227272727272727  0.0
9.0  9.25  -2.590909090909091  -2.227272727272727  0.0
9.25  9.5  -2.227272727272727  -1.8636363636363633  0.0
9.25  9.5  -2.227272727272727  -1.8636363636363633  0.0
9.25  9.5  -2.227272727272727  -1.8636363636363633  0.0
9.25  9.5  -2.227272727272727  -1.8636363636363633  0.0
9.25  9.5  -2.227272727272727  -1.8636363636363633  0.0
9.25  9.5  -2.227272727272727  -1.8636363636363633  0.0
9.25  9.5  -2.227272727272727  -1.8636363636363633  0.0
9.25  9.5  -2.227272727272727  -1.8636363636363633  0.0
9.25  9.5  -2.227272727272727  -1.8636363636363633  0.0
9.25  9.5  -2.227272727272727  -1.8636363636363633  0.0
9.25  9.5  -2.227272727272727  -1.8636363636363633  0.0
9.25  9.5  -2.227272727272727  -1.8636363636363633  0.0
9.25  9.5  -2.227272727272727  -1.8636363636363633  0.0
9.25  9.5  -2.227272727272727  -1.8636363636363633  0.0
9.25  9.5  -2.227272727272727  -1.8636363636363633  0.01808523624844384
9.25  9.5  -2.227272727272727  -1.8636363636363633  0.05772437686186476
9.25  9.5  -2.227272727272727  -1.8636363636363633  0.00770342414881515
9.25  9.5  -2.227272727272727  -1.8636363636363633  0.0
9.25  9.5  -2.227272727272727  -1.8636363636363633  0.0
9.25  9.5  -2.227272727272727  -1.8636363636363633  0.0
9.25  9.5  -2.227272727272727  -1.8636363636363633  0.0
9.5  9.75  -1.8636363636363633  -1.5  0.0
9.5  9.75  -1.8636363636363633  -1.5  0.0
9.5  9.75  -1.8636363636363633  -1.5  0.0
9.5  9.75  -1.8636363636363633  -1.5  0.0
9.5  9.75  -1.8636363636363633  -1.5  0.0
9.5  9.75  -1.8636363636363633  -1.5  0.0
9.5  9.75  -1.8636363636363633  -1.5  0.0
9.5  9.75  -1.8636363636363633  -1.5  0.0
9.5  9.75  -1.8636363636363633  -1.5  0.0
9.5  9.75  -1.8636363636363633  -1.5  0.0
9.5  9.75  -1.8636363636363633  -1.5  0.0
9.5  9.75  -1.8636363636363633  -1.5  0.0
9.5  9.75  -1.8636363636363633  -1.5  0.0
9.5  9.75  -1.8636363636363633  -1.5  0.0
9.5  9.75  -1.8636363636363633  -1.5  0.008064083323670337
9.5  9.75  -1.8636363636363633  -1.5  0.035738348859474446
9.5  9.75  -1.8636363636363633  -1.5  0.02744374398148264
9.5  9.75  -1.8636363636363633  -1.5  0.0
9.5  9.75  -1.8636363636363633  -1.5  0.0
9.5  9.75  -1.8636363636363633  -1.5  0.0
9.5  9.75  -1.8636363636363633  -1.5  0.0
9.75  10.0  -1.5  -1.1363636363636367  0.0
9.75  10.0  -1.5  -1.1363636363636367  0.0
9.75  10.0  -1.5  -1.1363636363636367  0.0
9.75  10.0  -1.5  -1.1363636363636367  0.0
9.75  10.0  -1.5  -1.1363636363636367  0.0
9.75  10.0  -1.5  -1.1363636363636367  0.0
9.75  10.0  -1.5  -1.1363636363636367  0.0
9.75  10.0  -1.5  -1.1363636363636367  0.0
9.75  10.0  -1.5  -1.1363636363636367  0.0
9.75  10.0  -1.5  -1.1363636363636367  0.0
9.75  10.0  -1.5  -1.1363636363636367  0.0
9.75  10.0  -1.5  -1.1363636363636367  0.0
9.75  10.0  -1.5  -1.1363636363636367  0.0
9.75  10.0  -1.5  -1.1363636363636367  0.0
9.75  10.0  -1.5  -1.1363636363636367  0.0033771824815853877
9.75  10.0  -1.5  -1.1363636363636367  0.01599997552967819
9.75  10.0  -1.5  -1.1363636363636367  0.07653315603472895
9.75  10.0  -1.5  -1.1363636363636367  0.01308661687512322
9.75  10.0  -1.5  -1.1363636363636367  0.0
9.75  10.0  -1.5  -1.1363636363636367  0.0
9.75  10.0  -1.5  -1.1363636363636367  0.0
10.0  10.25  -1.1363636363636367  -0.7727272727272725  0.0
10.0  10.25  -1.1363636363636367  -0.7727272727272725  0.0
10.0  10.25  -1.1363636363636367  -0.7727272727272725  0.0
10.0  10.25  -1.1363636363636367  -0.7727272727272725  0.0
10.0  10.25  -1.1363636363636367  -0.7727272727272725  0.0
10.0  10.25  -1.1363636363636367  -0.7727272727272725  0.0
10.0  10.25  -1.1363636363636367  -0.7727272727272725  0.0
10.0  10.25  -1.1363636363636367  -0.7727272727272725  0.0
10.0  10.25  -1.1363636363636367  -0.7727272727272725  0.0
10.0  10.25  -1.1363636363636367  -0.7727272727272725  0.0
10.0  10.25  -1.1363636363636367  -0.7727272727272725  0.0
10.0  10.25  -1.1363636363636367  -0.7727272727272725  0.0
10.0  10.25  -1.1363636363636367  -0.7727272727272725  0.0
10.0  10.25  -1.1363636363636367  -0.7727272727272725  0.0
10.0  10.25  -1.1363636363636367  -0.7727272727272725  0.0
10.0  10.25  -1.1363636363636367  -0.7727272727272725  0.025113780044619404
10.0  10.25  -1.1363636363636367  -0.7727272727272725  0.0444027892830001
10.0  10.25  -1.1363636363636367  -0.7727272727272725  0.07367374331689096
10.0  10.25  -1.1363636363636367  -0.7727272727272725  0.0
10.0  10.25  -1.1363636363636367  -0.7727272727272725  0.0
10.0  10.25  -1.1363636363636367  -0.7727272727272725  0.0
10.25  10.5  -0.7727272727272725  -0.40909090909090917  0.0
10.25  10.5  -0.7727272727272725  -0.40909090909090917  0.0
10.25  10.5  -0.7727272727272725  -0.40909090909090917  0.0
10.25  10.5  -0.7727272727272725  -0.40909090909090917  0.0
10.25  10.5  -0.7727272727272725  -0.40909090909090917  0.0
10.25  10.5  -0.7727272727272725  -0.40909090909090917  0.0
10.25  10.5  -0.7727272727272725  -0.40909090909090917  0.0
10.25  10.5  -0.7727272727272725  -0.40909090909090917  0.0
10.25  10.5  -0.7727272727272725  -0.40909090909090917  0.0
10.25  10.5  -0.7727272727272725  -0.40909090909090917  0.0
10.25  10.5  -0.7727272727272725  -0.40909090909090917  0.0
10.25  10.5  -0.7727272727272725  -0.40909090909090917  0.010767219668132384
10.25  10.5  -0.7727272727272725  -0.40909090909090917  0.0
10.25  10.5  -0.7727272727272725  -0.40909090909090917  0.0
10.25  10.5  -0.7727272727272725  -0.40909090909090917  0.008692247607400382
10.25  10.5  -0.7727272727272725  -0.40909090909090917  0.02557204243487488
10.25  10.5  -0.7727272727272725  -0.40909090909090917  0.021362312868080217
10.25  10.5  -0.7727272727272725  -0.40909090909090917  0.03569135471872616
10.25  10.5  -0.7727272727272725  -0.40909090909090917  0.0
10.25  10.5  -0.7727272727272725  -0.40909090909090917  0.0
10.25  10.5  -0.7727272727272725  -0.40909090909090917  0.0
10.5  10.75  -0.40909090909090917  -0.04545454545454497  0.0
10.5  10.75  -0.40909090909090917  -0.04545454545454497  0.0
10.5  10.75  -0.40909090909090917  -0.04545454545454497  0.0
10.5  10.75  -0.40909090909090917  -0.04545454545454497  0.0
10.5  10.75  -0.40909090909090917  -0.04545454545454497  0.0
10.5  10.75  -0.40909090909090917  -0.04545454545454497  0.0
10.5  10.75  -0.40909090909090917  -0.04545454545454497  0.0
10.5  10.75  -0.40909090909090917  -0.04545454545454497  0.0
10.5  10.75  -0.40909090909090917  -0.04545454545454497  0.0
10.5  10.75  -0.40909090909090917  -0.04545454545454497  0.0
10.5  10.75  -0.40909090909090917  -0.04545454545454497  0.0
10.5  10.75  -0.40909090909090917  -0.04545454545454497  0.0
10.5  10.75  -0.40909090909090917  -0.04545454545454497  0.0
10.5  10.75  -0.40909090909090917  -0.04545454545454497  0.0
10.5  10.75  -0.40909090909090917  -0.04545454545454497  0.01773820259368727
10.5  10.75  -0.40909090909090917  -0.04545454545454497  0.0
10.5  10.75  -0.40909090909090917  -0.04545454545454497  0.03717709255315274
10.5  10.75  -0.40909090909090917  -0.04545454545454497  0.06892705702947534
10.5  10.75  -0.40909090909090917  -0.04545454545454497  0.06501903540772143
10.5  10.75  -0.40909090909090917  -0.04545454545454497  0.0
10.5  10.75  -0.40909090909090917  -0.04545454545454497  0.0
10.75  11.0  -0.04545454545454497  0.31818181818181834  0.0
10.75  11.0  -0.04545454545454497  0.31818181818181834  0.0
10.75  11.0  -0.04545454545454497  0.31818181818181834  0.0
10.75  11.0  -0.04545454545454497  0.31818181818181834  0.0
10.75  11.0  -0.04545454545454497  0.31818181818181834  0.0
10.75  11.0  -0.04545454545454497  0.31818181818181834  0.0
10.75  11.0  -0.04545454545454497  0.31818181818181834  0.0
10.75  11.0  -0.04545454545454497  0.31818181818181834  0.0
10.75  11.0  -0.04545454545454497  0.31818181818181834  0.0
10.75  11.0  -0.04545454545454497  0.31818181818181834  0.0
10.75  11.0  -0.04545454545454497  0.31818181818181834  0.0
10.75  11.0  -0.04545454545454497  0.31818181818181834  0.0
10.75  11.0  -0.04545454545454497  0.31818181818181834  0.0
10.75  11.0  -0.04545454545454497  0.31818181818181834  0.0
10.75  11.0  -0.04545454545454497  0.31818181818181834  0.0
10.75  11.0  -0.04545454545454497  0.31818181818181834  0.0
10.75  11.0  -0.04545454545454497  0.31818181818181834  0.0
10.75  11.0  -0.04545454545454497  0.31818181818181834  0.035827887991551066
10.75  11.0  -0.04545454545454497  0.31818181818181834  0.0
10.75  11.0  -0.04545454545454497  0.31818181818181834  0.0
10.75  11.0  -0.04545454545454497  0.31818181818181834  0.0
11.0  11.25  0.31818181818181834  0.6818181818181817  0.0
11.0  11.25  0.31818181818181834  0.6818181818181817  0.0
11.0  11.25  0.31818181818181834  0.6818181818181817  0.0
11.0  11.25  0.31818181818181834  0.6818181818181817  0.0
11.0  11.25  0.31818181818181834  0.6818181818181817  0.0
11.0  11.25  0.31818181818181834  0.6818181818181817  0.0
11.0  11.25  0.31818181818181834  0.6818181818181817  0.0
11.0  11.25  0.31818181818181834  0.6818181818181817  0.0
11.0  11.25  0.31818181818181834  0.6818181818181817  0.0
11.0  11.25  0.31818181818181834  0.6818181818181817  0.0
11.0  11.25  0.31818181818181834  0.6818181818181817  0.0
11.0  11.25  0.31818181818181834  0.6818181818181817  0.0
11.0  11.25  0.31818181818181834  0.6818181818181817  0.0
11.0  11.25  0.31818181818181834  0.6818181818181817  0.0
11.0  11.25  0.31818181818181834  0.6818181818181817  0.0
11.0  11.25  0.31818181818181834  0.6818181818181817  0.0
11.0  11.25  0.31818181818181834  0.6818181818181817  0.0
11.0  11.25  0.31818181818181834  0.6818181818181817  0.0
11.0  11.25  0.31818181818181834  0.6818181818181817  0.0
11.0  11.25  0.31818181818181834  0.6818181818181817  0.0
11.0  11.25  0.31818181818181834  0.6818181818181817  0.0
11.25  11.5  0.6818181818181817  1.0454545454545459  0.0
11.25  11.5  0.6818181818181817  1.0454545454545459  0.0
11.25  11.5  0.6818181818181817  1.0454545454545459  0.0
11.25  11.5  0.6818181818181817  1.0454545454545459  0.0
11.25  11.5  0.6818181818181817  1.0454545454545459  0.0
11.25  11.5  0.6818181818181817  1.0454545454545459  0.0
11.25  11.5  0.6818181818181817  1.0454545454545459  0.0
11.25  11.5  0.6818181818181817  1.0454545454545459  0.0
11.25  11.5  0.6818181818181817  1.0454545454545459  0.0
11.25  11.5  0.6818181818181817  1.0454545454545459  0.0
11.25  11.5  0.6818181818181817  1.0454545454545459  0.0
11.25  11.5  0.6818181818181817  1.0454545454545459  0.0
11.25  11.5  0.6818181818181817  1.0454545454545459  0.0
11.25  11.5  0.6818181818181817  1.0454545454545459  0.0
11.25  11.5  0.6818181818181817  1.0454545454545459  0.0
11.25  11.5  0.6818181818181817  1.0454545454545459  0.0
11.25  11.5  0.6818181818181817  1.0454545454545459  0.0
11.25  11.5  0.6818181818181817  1.0454545454545459  0.0
11.25  11.5  0.6818181818181817  1.0454545454545459  0.0
11.25  11.5  0.6818181818181817  1.0454545454545459  0.0
11.25  11.5  0.6818181818181817  1.0454545454545459  0.0
11.5  11.75  1.0454545454545459  1.4090909090909092  0.0
11.5  11.75  1.0454545454545459  1.4090909090909092  0.0
11.5  11.75  1.0454545454545459  1.4090909090909092  0.0
11.5  11.75  1.0454545454545459  1.4090909090909092  0.0
11.5  11.75  1.0454545454545459  1.4090909090909092  0.0
11.5  11.75  1.0454545454545459  1.4090909090909092  0.0
11.5  11.75  1.0454545454545459  1.4090909090909092  0.0
11.5  11.75  1.0454545454545459  1.4090909090909092  0.0
11.5  11.75  1.0454545454545459  1.4090909090909092  0.0
11.5  11.75  1.0454545454545459  1.4090909090909092  0.0
11.5  11.75  1.0454545454545459  1.4090909090909092  0.0
11.5  11.75  1.0454545454545459  1.4090909090909092  0.0
11.5  11.75  1.0454545454545459  1.4090909090909092  0.0
11.5  11.75  1.0454545454545459  1.4090909090909092  0.0
11.5  11.75  1.0454545454545459  1.4090909090909092  0.0
11.5  11.75  1.0454545454545459  1.4090909090909092  0.0
11.5  11.75  1.0454545454545459  1.4090909090909092  0.0
11.5  11.75  1.0454545454545459  1.4090909090909092  0.0
11.5  11.75  1.0454545454545459  1.4090909090909092  0.0
11.5  11.75  1.0454545454545459  1.4090909090909092  0.0
11.5  11.75  1.0454545454545459  1.4090909090909092  0.0
11.75  12.0  1.4090909090909092  1.7727272727272734  0.0
11.75  12.0  1.4090909090909092  1.7727272727272734  0.0
11.75  12.0  1.4090909090909092  1.7727272727272734  0.0
11.75  12.0  1.4090909090909092  1.7727272727272734  0.0
11.75  12.0  1.4090909090909092  1.7727272727272734  0.0
11.75  12.0  1.4090909090909092  1.7727272727272734  0.0
11.75  12.0  1.4090909090909092  1.7727272727272734  0.0
11.75  12.0  1.4090909090909092  1.7727272727272734  0.0
11.75  12.0  1.4090909090909092  1.7727272727272734  0.0
11.75  12.0  1.4090909090909092  1.7727272727272734  0.0
11.75  12.0  1.4090909090909092  1.7727272727272734  0.0
11.75  12.0  1.4090909090909092  1.7727272727272734  0.0
11.75  12.0  1.4090909090909092  1.7727272727272734  0.0
11.75  12.0  1.4090909090909092  1.7727272727272734  0.0
11.75  12.0  1.4090909090909092  1.7727272727272734  0.0
11.75  12.0  1.4090909090909092  1.7727272727272734  0.0
11.75  12.0  1.4090909090909092  1.7727272727272734  0.0
11.75  12.0  1.4090909090909092  1.7727272727272734  0.0
11.75  12.0  1.4090909090909092  1.7727272727272734  0.0
11.75  12.0  1.4090909090909092  1.7727272727272734  0.0
11.75  12.0  1.4090909090909092  1.7727272727272734  0.0
12.0  12.25  1.7727272727272734  2.1363636363636367  0.0
12.0  12.25  1.7727272727272734  2.1363636363636367  0.0
12.0  12.25  1.7727272727272734  2.1363636363636367  0.0
12.0  12.25  1.7727272727272734  2.1363636363636367  0.0
12.0  12.25  1.7727272727272734  2.1363636363636367  0.0
12.0  12.25  1.7727272727272734  2.1363636363636367  0.0
12.0  12.25  1.7727272727272734  2.1363636363636367  0.0
12.0  12.25  1.7727272727272734  2.1363636363636367  0.0
12.0  12.25  1.7727272727272734  2.1363636363636367  0.0
12.0  12.25  1.7727272727272734  2.1363636363636367  0.0
12.0  12.25  1.7727272727272734  2.1363636363636367  0.0
12.0  12.25  1.7727272727272734  2.1363636363636367  0.0
12.0  12.25  1.7727272727272734  2.1363636363636367  0.0
12.0  12.25  1.7727272727272734  2.1363636363636367  0.0
12.0  12.25  1.7727272727272734  2.1363636363636367  0.0
12.0  12.25  1.7727272727272734  2.1363636363636367  0.0
12.0  12.25  1.7727272727272734  2.1363636363636367  0.0
12.0  12.25  1.7727272727272734  2.1363636363636367  0.0
12.0  12.25  1.7727272727272734  2.1363636363636367  0.0
12.0  12.25  1.7727272727272734  2.1363636363636367  0.0
12.0  12.25  1.7727272727272734  2.1363636363636367  0.0
