#logMsmin    logMsmax    logSFRmin    logSFRmax    Prob
7.0  7.25  -5.5  -5.136363636363637  0.0
7.0  7.25  -5.5  -5.136363636363637  0.0
7.0  7.25  -5.5  -5.136363636363637  0.0
7.0  7.25  -5.5  -5.136363636363637  6.9447542693403e-05
7.0  7.25  -5.5  -5.136363636363637  0.0009247045533176144
7.0  7.25  -5.5  -5.136363636363637  0.0006372338159867403
7.0  7.25  -5.5  -5.136363636363637  0.001550574225954525
7.0  7.25  -5.5  -5.136363636363637  0.002195384137507818
7.0  7.25  -5.5  -5.136363636363637  0.002673519946596944
7.0  7.25  -5.5  -5.136363636363637  0.004494308247758528
7.0  7.25  -5.5  -5.136363636363637  0.003282553851308181
7.0  7.25  -5.5  -5.136363636363637  0.0006784814474046401
7.0  7.25  -5.5  -5.136363636363637  0.00048781637564638836
7.0  7.25  -5.5  -5.136363636363637  4.2089419814183625e-06
7.0  7.25  -5.5  -5.136363636363637  2.1044709907091817e-06
7.0  7.25  -5.5  -5.136363636363637  0.0
7.0  7.25  -5.5  -5.136363636363637  0.0
7.0  7.25  -5.5  -5.136363636363637  0.0
7.0  7.25  -5.5  -5.136363636363637  0.0
7.0  7.25  -5.5  -5.136363636363637  0.0
7.0  7.25  -5.5  -5.136363636363637  0.0
7.25  7.5  -5.136363636363637  -4.7727272727272725  0.0
7.25  7.5  -5.136363636363637  -4.7727272727272725  0.0
7.25  7.5  -5.136363636363637  -4.7727272727272725  0.0
7.25  7.5  -5.136363636363637  -4.7727272727272725  0.0
7.25  7.5  -5.136363636363637  -4.7727272727272725  0.00027273944039590993
7.25  7.5  -5.136363636363637  -4.7727272727272725  0.0005210670172995933
7.25  7.5  -5.136363636363637  -4.7727272727272725  0.0011936559459302476
7.25  7.5  -5.136363636363637  -4.7727272727272725  0.0013216077821653661
7.25  7.5  -5.136363636363637  -4.7727272727272725  0.003359156595369996
7.25  7.5  -5.136363636363637  -4.7727272727272725  0.005967437941254955
7.25  7.5  -5.136363636363637  -4.7727272727272725  0.005218246268562487
7.25  7.5  -5.136363636363637  -4.7727272727272725  0.00286965664293104
7.25  7.5  -5.136363636363637  -4.7727272727272725  0.0013249749357505006
7.25  7.5  -5.136363636363637  -4.7727272727272725  0.0
7.25  7.5  -5.136363636363637  -4.7727272727272725  0.0
7.25  7.5  -5.136363636363637  -4.7727272727272725  0.0
7.25  7.5  -5.136363636363637  -4.7727272727272725  0.0
7.25  7.5  -5.136363636363637  -4.7727272727272725  0.0
7.25  7.5  -5.136363636363637  -4.7727272727272725  0.0
7.25  7.5  -5.136363636363637  -4.7727272727272725  0.0
7.25  7.5  -5.136363636363637  -4.7727272727272725  0.0
7.5  7.75  -4.7727272727272725  -4.409090909090909  0.0
7.5  7.75  -4.7727272727272725  -4.409090909090909  0.0
7.5  7.75  -4.7727272727272725  -4.409090909090909  0.0
7.5  7.75  -4.7727272727272725  -4.409090909090909  0.0
7.5  7.75  -4.7727272727272725  -4.409090909090909  0.00032913926294691597
7.5  7.75  -4.7727272727272725  -4.409090909090909  0.0006431263347607259
7.5  7.75  -4.7727272727272725  -4.409090909090909  0.0006044040685316769
7.5  7.75  -4.7727272727272725  -4.409090909090909  0.0024235087929006935
7.5  7.75  -4.7727272727272725  -4.409090909090909  0.0026550006018787034
7.5  7.75  -4.7727272727272725  -4.409090909090909  0.0053137892515406834
7.5  7.75  -4.7727272727272725  -4.409090909090909  0.009746646946370504
7.5  7.75  -4.7727272727272725  -4.409090909090909  0.008999980638866886
7.5  7.75  -4.7727272727272725  -4.409090909090909  0.00449472914195667
7.5  7.75  -4.7727272727272725  -4.409090909090909  0.00027989464176432114
7.5  7.75  -4.7727272727272725  -4.409090909090909  1.2205931746113253e-05
7.5  7.75  -4.7727272727272725  -4.409090909090909  0.0
7.5  7.75  -4.7727272727272725  -4.409090909090909  0.0
7.5  7.75  -4.7727272727272725  -4.409090909090909  0.0
7.5  7.75  -4.7727272727272725  -4.409090909090909  0.0
7.5  7.75  -4.7727272727272725  -4.409090909090909  0.0
7.5  7.75  -4.7727272727272725  -4.409090909090909  0.0
7.75  8.0  -4.409090909090909  -4.045454545454545  0.0
7.75  8.0  -4.409090909090909  -4.045454545454545  0.0
7.75  8.0  -4.409090909090909  -4.045454545454545  0.0
7.75  8.0  -4.409090909090909  -4.045454545454545  0.0
7.75  8.0  -4.409090909090909  -4.045454545454545  0.0
7.75  8.0  -4.409090909090909  -4.045454545454545  0.0
7.75  8.0  -4.409090909090909  -4.045454545454545  0.0
7.75  8.0  -4.409090909090909  -4.045454545454545  0.00023443806836500282
7.75  8.0  -4.409090909090909  -4.045454545454545  0.001231536423763013
7.75  8.0  -4.409090909090909  -4.045454545454545  0.0026705736872099516
7.75  8.0  -4.409090909090909  -4.045454545454545  0.008579507334923192
7.75  8.0  -4.409090909090909  -4.045454545454545  0.015256993788443429
7.75  8.0  -4.409090909090909  -4.045454545454545  0.010323271997824821
7.75  8.0  -4.409090909090909  -4.045454545454545  0.0034252369844782636
7.75  8.0  -4.409090909090909  -4.045454545454545  0.0
7.75  8.0  -4.409090909090909  -4.045454545454545  0.0
7.75  8.0  -4.409090909090909  -4.045454545454545  0.0
7.75  8.0  -4.409090909090909  -4.045454545454545  0.0
7.75  8.0  -4.409090909090909  -4.045454545454545  0.0
7.75  8.0  -4.409090909090909  -4.045454545454545  0.0
7.75  8.0  -4.409090909090909  -4.045454545454545  0.0
8.0  8.25  -4.045454545454545  -3.6818181818181817  0.0
8.0  8.25  -4.045454545454545  -3.6818181818181817  0.0
8.0  8.25  -4.045454545454545  -3.6818181818181817  0.0
8.0  8.25  -4.045454545454545  -3.6818181818181817  0.0
8.0  8.25  -4.045454545454545  -3.6818181818181817  0.0
8.0  8.25  -4.045454545454545  -3.6818181818181817  0.0
8.0  8.25  -4.045454545454545  -3.6818181818181817  0.0
8.0  8.25  -4.045454545454545  -3.6818181818181817  0.0
8.0  8.25  -4.045454545454545  -3.6818181818181817  0.0006805859183953493
8.0  8.25  -4.045454545454545  -3.6818181818181817  0.0017526034410626065
8.0  8.25  -4.045454545454545  -3.6818181818181817  0.0015661473112857731
8.0  8.25  -4.045454545454545  -3.6818181818181817  0.010883482175551604
8.0  8.25  -4.045454545454545  -3.6818181818181817  0.017588326751951055
8.0  8.25  -4.045454545454545  -3.6818181818181817  0.01051183259859236
8.0  8.25  -4.045454545454545  -3.6818181818181817  0.00038427640290349655
8.0  8.25  -4.045454545454545  -3.6818181818181817  0.0
8.0  8.25  -4.045454545454545  -3.6818181818181817  0.0
8.0  8.25  -4.045454545454545  -3.6818181818181817  0.0
8.0  8.25  -4.045454545454545  -3.6818181818181817  0.0
8.0  8.25  -4.045454545454545  -3.6818181818181817  0.0
8.0  8.25  -4.045454545454545  -3.6818181818181817  0.0
8.25  8.5  -3.6818181818181817  -3.3181818181818183  0.0
8.25  8.5  -3.6818181818181817  -3.3181818181818183  0.0
8.25  8.5  -3.6818181818181817  -3.3181818181818183  0.0
8.25  8.5  -3.6818181818181817  -3.3181818181818183  0.0
8.25  8.5  -3.6818181818181817  -3.3181818181818183  0.0
8.25  8.5  -3.6818181818181817  -3.3181818181818183  0.0
8.25  8.5  -3.6818181818181817  -3.3181818181818183  0.0
8.25  8.5  -3.6818181818181817  -3.3181818181818183  0.0005151744985256077
8.25  8.5  -3.6818181818181817  -3.3181818181818183  0.0
8.25  8.5  -3.6818181818181817  -3.3181818181818183  0.0
8.25  8.5  -3.6818181818181817  -3.3181818181818183  0.0012197513862150418
8.25  8.5  -3.6818181818181817  -3.3181818181818183  0.0021894916187338324
8.25  8.5  -3.6818181818181817  -3.3181818181818183  0.01724319350947475
8.25  8.5  -3.6818181818181817  -3.3181818181818183  0.026134162551022896
8.25  8.5  -3.6818181818181817  -3.3181818181818183  0.006262484774152382
8.25  8.5  -3.6818181818181817  -3.3181818181818183  0.0014508223009949098
8.25  8.5  -3.6818181818181817  -3.3181818181818183  0.0
8.25  8.5  -3.6818181818181817  -3.3181818181818183  0.0
8.25  8.5  -3.6818181818181817  -3.3181818181818183  0.0
8.25  8.5  -3.6818181818181817  -3.3181818181818183  0.0
8.25  8.5  -3.6818181818181817  -3.3181818181818183  0.0
8.5  8.75  -3.3181818181818183  -2.9545454545454546  0.0
8.5  8.75  -3.3181818181818183  -2.9545454545454546  0.0
8.5  8.75  -3.3181818181818183  -2.9545454545454546  0.0
8.5  8.75  -3.3181818181818183  -2.9545454545454546  0.0
8.5  8.75  -3.3181818181818183  -2.9545454545454546  0.0
8.5  8.75  -3.3181818181818183  -2.9545454545454546  0.0
8.5  8.75  -3.3181818181818183  -2.9545454545454546  0.0
8.5  8.75  -3.3181818181818183  -2.9545454545454546  0.0
8.5  8.75  -3.3181818181818183  -2.9545454545454546  0.0
8.5  8.75  -3.3181818181818183  -2.9545454545454546  0.0
8.5  8.75  -3.3181818181818183  -2.9545454545454546  0.0
8.5  8.75  -3.3181818181818183  -2.9545454545454546  0.0
8.5  8.75  -3.3181818181818183  -2.9545454545454546  0.0039029518993692483
8.5  8.75  -3.3181818181818183  -2.9545454545454546  0.021385213313388562
8.5  8.75  -3.3181818181818183  -2.9545454545454546  0.02510549713076425
8.5  8.75  -3.3181818181818183  -2.9545454545454546  0.002635639468764179
8.5  8.75  -3.3181818181818183  -2.9545454545454546  0.0
8.5  8.75  -3.3181818181818183  -2.9545454545454546  0.0
8.5  8.75  -3.3181818181818183  -2.9545454545454546  0.0
8.5  8.75  -3.3181818181818183  -2.9545454545454546  0.0
8.5  8.75  -3.3181818181818183  -2.9545454545454546  0.0
8.75  9.0  -2.9545454545454546  -2.590909090909091  0.0
8.75  9.0  -2.9545454545454546  -2.590909090909091  0.0
8.75  9.0  -2.9545454545454546  -2.590909090909091  0.0
8.75  9.0  -2.9545454545454546  -2.590909090909091  0.0
8.75  9.0  -2.9545454545454546  -2.590909090909091  0.0
8.75  9.0  -2.9545454545454546  -2.590909090909091  0.0
8.75  9.0  -2.9545454545454546  -2.590909090909091  0.0
8.75  9.0  -2.9545454545454546  -2.590909090909091  0.0
8.75  9.0  -2.9545454545454546  -2.590909090909091  0.0
8.75  9.0  -2.9545454545454546  -2.590909090909091  0.0
8.75  9.0  -2.9545454545454546  -2.590909090909091  0.0
8.75  9.0  -2.9545454545454546  -2.590909090909091  0.0
8.75  9.0  -2.9545454545454546  -2.590909090909091  0.0
8.75  9.0  -2.9545454545454546  -2.590909090909091  0.005560854145849941
8.75  9.0  -2.9545454545454546  -2.590909090909091  0.04494476605437784
8.75  9.0  -2.9545454545454546  -2.590909090909091  0.014243059665119741
8.75  9.0  -2.9545454545454546  -2.590909090909091  0.0
8.75  9.0  -2.9545454545454546  -2.590909090909091  0.0
8.75  9.0  -2.9545454545454546  -2.590909090909091  0.0
8.75  9.0  -2.9545454545454546  -2.590909090909091  0.0
8.75  9.0  -2.9545454545454546  -2.590909090909091  0.0
9.0  9.25  -2.590909090909091  -2.227272727272727  0.0
9.0  9.25  -2.590909090909091  -2.227272727272727  0.0
9.0  9.25  -2.590909090909091  -2.227272727272727  0.0
9.0  9.25  -2.590909090909091  -2.227272727272727  0.0
9.0  9.25  -2.590909090909091  -2.227272727272727  0.0
9.0  9.25  -2.590909090909091  -2.227272727272727  0.0
9.0  9.25  -2.590909090909091  -2.227272727272727  0.0
9.0  9.25  -2.590909090909091  -2.227272727272727  0.0
9.0  9.25  -2.590909090909091  -2.227272727272727  0.0
9.0  9.25  -2.590909090909091  -2.227272727272727  0.0
9.0  9.25  -2.590909090909091  -2.227272727272727  0.0
9.0  9.25  -2.590909090909091  -2.227272727272727  0.0
9.0  9.25  -2.590909090909091  -2.227272727272727  0.0
9.0  9.25  -2.590909090909091  -2.227272727272727  0.0
9.0  9.25  -2.590909090909091  -2.227272727272727  0.02199466811229794
9.0  9.25  -2.590909090909091  -2.227272727272727  0.04354865999914138
9.0  9.25  -2.590909090909091  -2.227272727272727  0.006512916822046775
9.0  9.25  -2.590909090909091  -2.227272727272727  0.0
9.0  9.25  -2.590909090909091  -2.227272727272727  0.0
9.0  9.25  -2.590909090909091  -2.227272727272727  0.0
9.0  9.25  -2.590909090909091  -2.227272727272727  0.0
9.25  9.5  -2.227272727272727  -1.8636363636363633  0.0
9.25  9.5  -2.227272727272727  -1.8636363636363633  0.0
9.25  9.5  -2.227272727272727  -1.8636363636363633  0.0
9.25  9.5  -2.227272727272727  -1.8636363636363633  0.0
9.25  9.5  -2.227272727272727  -1.8636363636363633  0.0
9.25  9.5  -2.227272727272727  -1.8636363636363633  0.0
9.25  9.5  -2.227272727272727  -1.8636363636363633  0.0
9.25  9.5  -2.227272727272727  -1.8636363636363633  0.0
9.25  9.5  -2.227272727272727  -1.8636363636363633  0.0
9.25  9.5  -2.227272727272727  -1.8636363636363633  0.0
9.25  9.5  -2.227272727272727  -1.8636363636363633  0.0
9.25  9.5  -2.227272727272727  -1.8636363636363633  0.0
9.25  9.5  -2.227272727272727  -1.8636363636363633  0.0
9.25  9.5  -2.227272727272727  -1.8636363636363633  0.0
9.25  9.5  -2.227272727272727  -1.8636363636363633  0.0
9.25  9.5  -2.227272727272727  -1.8636363636363633  0.03841375078181097
9.25  9.5  -2.227272727272727  -1.8636363636363633  0.040712674892061686
9.25  9.5  -2.227272727272727  -1.8636363636363633  0.010947458093669163
9.25  9.5  -2.227272727272727  -1.8636363636363633  0.0
9.25  9.5  -2.227272727272727  -1.8636363636363633  0.0
9.25  9.5  -2.227272727272727  -1.8636363636363633  0.0
9.5  9.75  -1.8636363636363633  -1.5  0.0
9.5  9.75  -1.8636363636363633  -1.5  0.0
9.5  9.75  -1.8636363636363633  -1.5  0.0
9.5  9.75  -1.8636363636363633  -1.5  0.0
9.5  9.75  -1.8636363636363633  -1.5  0.0
9.5  9.75  -1.8636363636363633  -1.5  0.0
9.5  9.75  -1.8636363636363633  -1.5  0.0
9.5  9.75  -1.8636363636363633  -1.5  0.0
9.5  9.75  -1.8636363636363633  -1.5  0.0
9.5  9.75  -1.8636363636363633  -1.5  0.0
9.5  9.75  -1.8636363636363633  -1.5  0.0
9.5  9.75  -1.8636363636363633  -1.5  0.0
9.5  9.75  -1.8636363636363633  -1.5  0.0
9.5  9.75  -1.8636363636363633  -1.5  0.0
9.5  9.75  -1.8636363636363633  -1.5  0.0
9.5  9.75  -1.8636363636363633  -1.5  0.0
9.5  9.75  -1.8636363636363633  -1.5  0.09938027538265597
9.5  9.75  -1.8636363636363633  -1.5  0.022793104406173003
9.5  9.75  -1.8636363636363633  -1.5  0.0
9.5  9.75  -1.8636363636363633  -1.5  0.0
9.5  9.75  -1.8636363636363633  -1.5  0.0
9.75  10.0  -1.5  -1.1363636363636367  0.0
9.75  10.0  -1.5  -1.1363636363636367  0.0
9.75  10.0  -1.5  -1.1363636363636367  0.0
9.75  10.0  -1.5  -1.1363636363636367  0.0
9.75  10.0  -1.5  -1.1363636363636367  0.0
9.75  10.0  -1.5  -1.1363636363636367  0.0
9.75  10.0  -1.5  -1.1363636363636367  0.0
9.75  10.0  -1.5  -1.1363636363636367  0.0
9.75  10.0  -1.5  -1.1363636363636367  0.0
9.75  10.0  -1.5  -1.1363636363636367  0.0
9.75  10.0  -1.5  -1.1363636363636367  0.0
9.75  10.0  -1.5  -1.1363636363636367  0.0
9.75  10.0  -1.5  -1.1363636363636367  0.0
9.75  10.0  -1.5  -1.1363636363636367  0.005351669729373449
9.75  10.0  -1.5  -1.1363636363636367  0.0
9.75  10.0  -1.5  -1.1363636363636367  0.005816336924122036
9.75  10.0  -1.5  -1.1363636363636367  0.03349812744171246
9.75  10.0  -1.5  -1.1363636363636367  0.04340134702979173
9.75  10.0  -1.5  -1.1363636363636367  0.013845314647875704
9.75  10.0  -1.5  -1.1363636363636367  0.0
9.75  10.0  -1.5  -1.1363636363636367  0.0
10.0  10.25  -1.1363636363636367  -0.7727272727272725  0.0
10.0  10.25  -1.1363636363636367  -0.7727272727272725  0.0
10.0  10.25  -1.1363636363636367  -0.7727272727272725  0.0
10.0  10.25  -1.1363636363636367  -0.7727272727272725  0.0
10.0  10.25  -1.1363636363636367  -0.7727272727272725  0.0
10.0  10.25  -1.1363636363636367  -0.7727272727272725  0.0
10.0  10.25  -1.1363636363636367  -0.7727272727272725  0.0
10.0  10.25  -1.1363636363636367  -0.7727272727272725  0.0
10.0  10.25  -1.1363636363636367  -0.7727272727272725  0.0
10.0  10.25  -1.1363636363636367  -0.7727272727272725  0.0
10.0  10.25  -1.1363636363636367  -0.7727272727272725  0.0
10.0  10.25  -1.1363636363636367  -0.7727272727272725  0.0
10.0  10.25  -1.1363636363636367  -0.7727272727272725  0.0
10.0  10.25  -1.1363636363636367  -0.7727272727272725  0.0
10.0  10.25  -1.1363636363636367  -0.7727272727272725  0.0
10.0  10.25  -1.1363636363636367  -0.7727272727272725  0.0
10.0  10.25  -1.1363636363636367  -0.7727272727272725  0.017026432997431704
10.0  10.25  -1.1363636363636367  -0.7727272727272725  0.09957388671380123
10.0  10.25  -1.1363636363636367  -0.7727272727272725  0.059895769760772155
10.0  10.25  -1.1363636363636367  -0.7727272727272725  0.0
10.0  10.25  -1.1363636363636367  -0.7727272727272725  0.0
10.25  10.5  -0.7727272727272725  -0.40909090909090917  0.0
10.25  10.5  -0.7727272727272725  -0.40909090909090917  0.0
10.25  10.5  -0.7727272727272725  -0.40909090909090917  0.0
10.25  10.5  -0.7727272727272725  -0.40909090909090917  0.0
10.25  10.5  -0.7727272727272725  -0.40909090909090917  0.0
10.25  10.5  -0.7727272727272725  -0.40909090909090917  0.0
10.25  10.5  -0.7727272727272725  -0.40909090909090917  0.0
10.25  10.5  -0.7727272727272725  -0.40909090909090917  0.0
10.25  10.5  -0.7727272727272725  -0.40909090909090917  0.0
10.25  10.5  -0.7727272727272725  -0.40909090909090917  0.0
10.25  10.5  -0.7727272727272725  -0.40909090909090917  0.0
10.25  10.5  -0.7727272727272725  -0.40909090909090917  0.0
10.25  10.5  -0.7727272727272725  -0.40909090909090917  0.0
10.25  10.5  -0.7727272727272725  -0.40909090909090917  0.0
10.25  10.5  -0.7727272727272725  -0.40909090909090917  0.0
10.25  10.5  -0.7727272727272725  -0.40909090909090917  0.0
10.25  10.5  -0.7727272727272725  -0.40909090909090917  0.0
10.25  10.5  -0.7727272727272725  -0.40909090909090917  0.010460483506419057
10.25  10.5  -0.7727272727272725  -0.40909090909090917  0.04231754446957651
10.25  10.5  -0.7727272727272725  -0.40909090909090917  0.020210497606374698
10.25  10.5  -0.7727272727272725  -0.40909090909090917  0.0
10.5  10.75  -0.40909090909090917  -0.04545454545454497  0.0
10.5  10.75  -0.40909090909090917  -0.04545454545454497  0.0
10.5  10.75  -0.40909090909090917  -0.04545454545454497  0.0
10.5  10.75  -0.40909090909090917  -0.04545454545454497  0.0
10.5  10.75  -0.40909090909090917  -0.04545454545454497  0.0
10.5  10.75  -0.40909090909090917  -0.04545454545454497  0.0
10.5  10.75  -0.40909090909090917  -0.04545454545454497  0.0
10.5  10.75  -0.40909090909090917  -0.04545454545454497  0.0
10.5  10.75  -0.40909090909090917  -0.04545454545454497  0.0
10.5  10.75  -0.40909090909090917  -0.04545454545454497  0.0
10.5  10.75  -0.40909090909090917  -0.04545454545454497  0.0
10.5  10.75  -0.40909090909090917  -0.04545454545454497  0.0
10.5  10.75  -0.40909090909090917  -0.04545454545454497  0.0
10.5  10.75  -0.40909090909090917  -0.04545454545454497  0.0
10.5  10.75  -0.40909090909090917  -0.04545454545454497  0.0
10.5  10.75  -0.40909090909090917  -0.04545454545454497  0.0
10.5  10.75  -0.40909090909090917  -0.04545454545454497  0.0
10.5  10.75  -0.40909090909090917  -0.04545454545454497  0.0
10.5  10.75  -0.40909090909090917  -0.04545454545454497  0.0
10.5  10.75  -0.40909090909090917  -0.04545454545454497  0.031865899741318426
10.5  10.75  -0.40909090909090917  -0.04545454545454497  0.0
10.75  11.0  -0.04545454545454497  0.31818181818181834  0.0
10.75  11.0  -0.04545454545454497  0.31818181818181834  0.0
10.75  11.0  -0.04545454545454497  0.31818181818181834  0.0
10.75  11.0  -0.04545454545454497  0.31818181818181834  0.0
10.75  11.0  -0.04545454545454497  0.31818181818181834  0.0
10.75  11.0  -0.04545454545454497  0.31818181818181834  0.0
10.75  11.0  -0.04545454545454497  0.31818181818181834  0.0
10.75  11.0  -0.04545454545454497  0.31818181818181834  0.0
10.75  11.0  -0.04545454545454497  0.31818181818181834  0.0
10.75  11.0  -0.04545454545454497  0.31818181818181834  0.0
10.75  11.0  -0.04545454545454497  0.31818181818181834  0.0
10.75  11.0  -0.04545454545454497  0.31818181818181834  0.0
10.75  11.0  -0.04545454545454497  0.31818181818181834  0.0
10.75  11.0  -0.04545454545454497  0.31818181818181834  0.0
10.75  11.0  -0.04545454545454497  0.31818181818181834  0.0
10.75  11.0  -0.04545454545454497  0.31818181818181834  0.0
10.75  11.0  -0.04545454545454497  0.31818181818181834  0.0
10.75  11.0  -0.04545454545454497  0.31818181818181834  0.0
10.75  11.0  -0.04545454545454497  0.31818181818181834  0.0
10.75  11.0  -0.04545454545454497  0.31818181818181834  0.0
10.75  11.0  -0.04545454545454497  0.31818181818181834  0.0
11.0  11.25  0.31818181818181834  0.6818181818181817  0.0
11.0  11.25  0.31818181818181834  0.6818181818181817  0.0
11.0  11.25  0.31818181818181834  0.6818181818181817  0.0
11.0  11.25  0.31818181818181834  0.6818181818181817  0.0
11.0  11.25  0.31818181818181834  0.6818181818181817  0.0
11.0  11.25  0.31818181818181834  0.6818181818181817  0.0
11.0  11.25  0.31818181818181834  0.6818181818181817  0.0
11.0  11.25  0.31818181818181834  0.6818181818181817  0.0
11.0  11.25  0.31818181818181834  0.6818181818181817  0.0
11.0  11.25  0.31818181818181834  0.6818181818181817  0.0
11.0  11.25  0.31818181818181834  0.6818181818181817  0.0
11.0  11.25  0.31818181818181834  0.6818181818181817  0.0
11.0  11.25  0.31818181818181834  0.6818181818181817  0.0
11.0  11.25  0.31818181818181834  0.6818181818181817  0.0
11.0  11.25  0.31818181818181834  0.6818181818181817  0.0
11.0  11.25  0.31818181818181834  0.6818181818181817  0.0
11.0  11.25  0.31818181818181834  0.6818181818181817  0.0
11.0  11.25  0.31818181818181834  0.6818181818181817  0.0
11.0  11.25  0.31818181818181834  0.6818181818181817  0.0
11.0  11.25  0.31818181818181834  0.6818181818181817  0.0
11.0  11.25  0.31818181818181834  0.6818181818181817  0.0
11.25  11.5  0.6818181818181817  1.0454545454545459  0.0
11.25  11.5  0.6818181818181817  1.0454545454545459  0.0
11.25  11.5  0.6818181818181817  1.0454545454545459  0.0
11.25  11.5  0.6818181818181817  1.0454545454545459  0.0
11.25  11.5  0.6818181818181817  1.0454545454545459  0.0
11.25  11.5  0.6818181818181817  1.0454545454545459  0.0
11.25  11.5  0.6818181818181817  1.0454545454545459  0.0
11.25  11.5  0.6818181818181817  1.0454545454545459  0.0
11.25  11.5  0.6818181818181817  1.0454545454545459  0.0
11.25  11.5  0.6818181818181817  1.0454545454545459  0.0
11.25  11.5  0.6818181818181817  1.0454545454545459  0.0
11.25  11.5  0.6818181818181817  1.0454545454545459  0.0
11.25  11.5  0.6818181818181817  1.0454545454545459  0.0
11.25  11.5  0.6818181818181817  1.0454545454545459  0.0
11.25  11.5  0.6818181818181817  1.0454545454545459  0.0
11.25  11.5  0.6818181818181817  1.0454545454545459  0.0
11.25  11.5  0.6818181818181817  1.0454545454545459  0.0
11.25  11.5  0.6818181818181817  1.0454545454545459  0.0
11.25  11.5  0.6818181818181817  1.0454545454545459  0.0
11.25  11.5  0.6818181818181817  1.0454545454545459  0.0
11.25  11.5  0.6818181818181817  1.0454545454545459  0.0
11.5  11.75  1.0454545454545459  1.4090909090909092  0.0
11.5  11.75  1.0454545454545459  1.4090909090909092  0.0
11.5  11.75  1.0454545454545459  1.4090909090909092  0.0
11.5  11.75  1.0454545454545459  1.4090909090909092  0.0
11.5  11.75  1.0454545454545459  1.4090909090909092  0.0
11.5  11.75  1.0454545454545459  1.4090909090909092  0.0
11.5  11.75  1.0454545454545459  1.4090909090909092  0.0
11.5  11.75  1.0454545454545459  1.4090909090909092  0.0
11.5  11.75  1.0454545454545459  1.4090909090909092  0.0
11.5  11.75  1.0454545454545459  1.4090909090909092  0.0
11.5  11.75  1.0454545454545459  1.4090909090909092  0.0
11.5  11.75  1.0454545454545459  1.4090909090909092  0.0
11.5  11.75  1.0454545454545459  1.4090909090909092  0.0
11.5  11.75  1.0454545454545459  1.4090909090909092  0.0
11.5  11.75  1.0454545454545459  1.4090909090909092  0.0
11.5  11.75  1.0454545454545459  1.4090909090909092  0.0
11.5  11.75  1.0454545454545459  1.4090909090909092  0.0
11.5  11.75  1.0454545454545459  1.4090909090909092  0.0
11.5  11.75  1.0454545454545459  1.4090909090909092  0.0
11.5  11.75  1.0454545454545459  1.4090909090909092  0.0
11.5  11.75  1.0454545454545459  1.4090909090909092  0.0
11.75  12.0  1.4090909090909092  1.7727272727272734  0.0
11.75  12.0  1.4090909090909092  1.7727272727272734  0.0
11.75  12.0  1.4090909090909092  1.7727272727272734  0.0
11.75  12.0  1.4090909090909092  1.7727272727272734  0.0
11.75  12.0  1.4090909090909092  1.7727272727272734  0.0
11.75  12.0  1.4090909090909092  1.7727272727272734  0.0
11.75  12.0  1.4090909090909092  1.7727272727272734  0.0
11.75  12.0  1.4090909090909092  1.7727272727272734  0.0
11.75  12.0  1.4090909090909092  1.7727272727272734  0.0
11.75  12.0  1.4090909090909092  1.7727272727272734  0.0
11.75  12.0  1.4090909090909092  1.7727272727272734  0.0
11.75  12.0  1.4090909090909092  1.7727272727272734  0.0
11.75  12.0  1.4090909090909092  1.7727272727272734  0.0
11.75  12.0  1.4090909090909092  1.7727272727272734  0.0
11.75  12.0  1.4090909090909092  1.7727272727272734  0.0
11.75  12.0  1.4090909090909092  1.7727272727272734  0.0
11.75  12.0  1.4090909090909092  1.7727272727272734  0.0
11.75  12.0  1.4090909090909092  1.7727272727272734  0.0
11.75  12.0  1.4090909090909092  1.7727272727272734  0.0
11.75  12.0  1.4090909090909092  1.7727272727272734  0.0
11.75  12.0  1.4090909090909092  1.7727272727272734  0.0
12.0  12.25  1.7727272727272734  2.1363636363636367  0.0
12.0  12.25  1.7727272727272734  2.1363636363636367  0.0
12.0  12.25  1.7727272727272734  2.1363636363636367  0.0
12.0  12.25  1.7727272727272734  2.1363636363636367  0.0
12.0  12.25  1.7727272727272734  2.1363636363636367  0.0
12.0  12.25  1.7727272727272734  2.1363636363636367  0.0
12.0  12.25  1.7727272727272734  2.1363636363636367  0.0
12.0  12.25  1.7727272727272734  2.1363636363636367  0.0
12.0  12.25  1.7727272727272734  2.1363636363636367  0.0
12.0  12.25  1.7727272727272734  2.1363636363636367  0.0
12.0  12.25  1.7727272727272734  2.1363636363636367  0.0
12.0  12.25  1.7727272727272734  2.1363636363636367  0.0
12.0  12.25  1.7727272727272734  2.1363636363636367  0.0
12.0  12.25  1.7727272727272734  2.1363636363636367  0.0
12.0  12.25  1.7727272727272734  2.1363636363636367  0.0
12.0  12.25  1.7727272727272734  2.1363636363636367  0.0
12.0  12.25  1.7727272727272734  2.1363636363636367  0.0
12.0  12.25  1.7727272727272734  2.1363636363636367  0.0
12.0  12.25  1.7727272727272734  2.1363636363636367  0.0
12.0  12.25  1.7727272727272734  2.1363636363636367  0.0
12.0  12.25  1.7727272727272734  2.1363636363636367  0.0
