#logMsmin    logMsmax    logSFRmin    logSFRmax    Prob
7.0  7.229166666666667  -5.5  -5.166666666666667  0.0
7.0  7.229166666666667  -5.166666666666667  -4.833333333333333  0.0
7.0  7.229166666666667  -4.833333333333333  -4.5  0.0
7.0  7.229166666666667  -4.5  -4.166666666666667  0.0
7.0  7.229166666666667  -4.166666666666667  -3.8333333333333335  0.0
7.0  7.229166666666667  -3.8333333333333335  -3.5  0.0
7.0  7.229166666666667  -3.5  -3.166666666666667  6.081812059144344e-06
7.0  7.229166666666667  -3.166666666666667  -2.8333333333333335  0.000139106997135627
7.0  7.229166666666667  -2.8333333333333335  -2.5  0.0001760906141588384
7.0  7.229166666666667  -2.5  -2.166666666666667  0.00022820887560087613
7.0  7.229166666666667  -2.166666666666667  -1.8333333333333335  0.00017912611381195825
7.0  7.229166666666667  -1.8333333333333335  -1.5  4.2849329120663885e-05
7.0  7.229166666666667  -1.5  -1.166666666666667  8.847737430362829e-06
7.0  7.229166666666667  -1.166666666666667  -0.8333333333333339  7.789075264583563e-06
7.0  7.229166666666667  -0.8333333333333339  -0.5  2.261855356125533e-06
7.0  7.229166666666667  -0.5  -0.16666666666666696  2.450363063897572e-08
7.0  7.229166666666667  -0.16666666666666696  0.16666666666666607  0.0
7.0  7.229166666666667  0.16666666666666607  0.5  0.0
7.0  7.229166666666667  0.5  0.833333333333333  0.0
7.0  7.229166666666667  0.833333333333333  1.166666666666666  0.0
7.0  7.229166666666667  1.166666666666666  1.5  0.0
7.0  7.229166666666667  1.5  1.833333333333333  0.0
7.0  7.229166666666667  1.833333333333333  2.166666666666666  0.0
7.0  7.229166666666667  2.166666666666666  2.5  0.0
7.229166666666667  7.458333333333333  -5.5  -5.166666666666667  0.0
7.229166666666667  7.458333333333333  -5.166666666666667  -4.833333333333333  0.0
7.229166666666667  7.458333333333333  -4.833333333333333  -4.5  0.0
7.229166666666667  7.458333333333333  -4.5  -4.166666666666667  0.0
7.229166666666667  7.458333333333333  -4.166666666666667  -3.8333333333333335  0.0
7.229166666666667  7.458333333333333  -3.8333333333333335  -3.5  0.0
7.229166666666667  7.458333333333333  -3.5  -3.166666666666667  1.432055479790343e-05
7.229166666666667  7.458333333333333  -3.166666666666667  -2.8333333333333335  0.00018749483950278258
7.229166666666667  7.458333333333333  -2.8333333333333335  -2.5  0.00026423092376866747
7.229166666666667  7.458333333333333  -2.5  -2.166666666666667  0.0003856594580094169
7.229166666666667  7.458333333333333  -2.166666666666667  -1.8333333333333335  0.0003173805179575537
7.229166666666667  7.458333333333333  -1.8333333333333335  -1.5  7.503852148972453e-05
7.229166666666667  7.458333333333333  -1.5  -1.166666666666667  6.375386024859594e-06
7.229166666666667  7.458333333333333  -1.166666666666667  -0.8333333333333339  3.1686301031180273e-06
7.229166666666667  7.458333333333333  -0.8333333333333339  -0.5  1.8244321047191602e-06
7.229166666666667  7.458333333333333  -0.5  -0.16666666666666696  6.65098545914765e-08
7.229166666666667  7.458333333333333  -0.16666666666666696  0.16666666666666607  6.007631109178951e-09
7.229166666666667  7.458333333333333  0.16666666666666607  0.5  0.0
7.229166666666667  7.458333333333333  0.5  0.833333333333333  0.0
7.229166666666667  7.458333333333333  0.833333333333333  1.166666666666666  0.0
7.229166666666667  7.458333333333333  1.166666666666666  1.5  0.0
7.229166666666667  7.458333333333333  1.5  1.833333333333333  0.0
7.229166666666667  7.458333333333333  1.833333333333333  2.166666666666666  0.0
7.229166666666667  7.458333333333333  2.166666666666666  2.5  0.0
7.458333333333333  7.6875  -5.5  -5.166666666666667  0.0
7.458333333333333  7.6875  -5.166666666666667  -4.833333333333333  0.0
7.458333333333333  7.6875  -4.833333333333333  -4.5  0.0
7.458333333333333  7.6875  -4.5  -4.166666666666667  0.0
7.458333333333333  7.6875  -4.166666666666667  -3.8333333333333335  0.0
7.458333333333333  7.6875  -3.8333333333333335  -3.5  0.0
7.458333333333333  7.6875  -3.5  -3.166666666666667  1.8343264260910972e-05
7.458333333333333  7.6875  -3.166666666666667  -2.8333333333333335  0.00022387293548713073
7.458333333333333  7.6875  -2.8333333333333335  -2.5  0.00033073055506747836
7.458333333333333  7.6875  -2.5  -2.166666666666667  0.0006280840389595097
7.458333333333333  7.6875  -2.166666666666667  -1.8333333333333335  0.0005757846273720291
7.458333333333333  7.6875  -1.8333333333333335  -1.5  0.00019656750750760745
7.458333333333333  7.6875  -1.5  -1.166666666666667  2.2311665570626648e-05
7.458333333333333  7.6875  -1.166666666666667  -0.8333333333333339  1.1102779356322583e-06
7.458333333333333  7.6875  -0.8333333333333339  -0.5  7.597069374316007e-07
7.458333333333333  7.6875  -0.5  -0.16666666666666696  1.4853549006410528e-07
7.458333333333333  7.6875  -0.16666666666666696  0.16666666666666607  0.0
7.458333333333333  7.6875  0.16666666666666607  0.5  0.0
7.458333333333333  7.6875  0.5  0.833333333333333  0.0
7.458333333333333  7.6875  0.833333333333333  1.166666666666666  0.0
7.458333333333333  7.6875  1.166666666666666  1.5  0.0
7.458333333333333  7.6875  1.5  1.833333333333333  0.0
7.458333333333333  7.6875  1.833333333333333  2.166666666666666  0.0
7.458333333333333  7.6875  2.166666666666666  2.5  0.0
7.6875  7.916666666666667  -5.5  -5.166666666666667  0.0
7.6875  7.916666666666667  -5.166666666666667  -4.833333333333333  0.0
7.6875  7.916666666666667  -4.833333333333333  -4.5  0.0
7.6875  7.916666666666667  -4.5  -4.166666666666667  0.0
7.6875  7.916666666666667  -4.166666666666667  -3.8333333333333335  0.0
7.6875  7.916666666666667  -3.8333333333333335  -3.5  0.0
7.6875  7.916666666666667  -3.5  -3.166666666666667  3.061184973676061e-05
7.6875  7.916666666666667  -3.166666666666667  -2.8333333333333335  0.0002666852207425564
7.6875  7.916666666666667  -2.8333333333333335  -2.5  0.0004151119636745931
7.6875  7.916666666666667  -2.5  -2.166666666666667  0.0007986560131388957
7.6875  7.916666666666667  -2.166666666666667  -1.8333333333333335  0.0009752583123401849
7.6875  7.916666666666667  -1.8333333333333335  -1.5  0.0005196505306374926
7.6875  7.916666666666667  -1.5  -1.166666666666667  8.475215659034665e-05
7.6875  7.916666666666667  -1.166666666666667  -0.8333333333333339  6.6445437390640366e-06
7.6875  7.916666666666667  -0.8333333333333339  -0.5  6.281537406689952e-07
7.6875  7.916666666666667  -0.5  -0.16666666666666696  1.3008668434588977e-08
7.6875  7.916666666666667  -0.16666666666666696  0.16666666666666607  1.2015262218398526e-08
7.6875  7.916666666666667  0.16666666666666607  0.5  6.007631109178951e-09
7.6875  7.916666666666667  0.5  0.833333333333333  0.0
7.6875  7.916666666666667  0.833333333333333  1.166666666666666  0.0
7.6875  7.916666666666667  1.166666666666666  1.5  0.0
7.6875  7.916666666666667  1.5  1.833333333333333  0.0
7.6875  7.916666666666667  1.833333333333333  2.166666666666666  0.0
7.6875  7.916666666666667  2.166666666666666  2.5  0.0
7.916666666666667  8.145833333333334  -5.5  -5.166666666666667  0.0
7.916666666666667  8.145833333333334  -5.166666666666667  -4.833333333333333  0.0
7.916666666666667  8.145833333333334  -4.833333333333333  -4.5  0.0
7.916666666666667  8.145833333333334  -4.5  -4.166666666666667  0.0
7.916666666666667  8.145833333333334  -4.166666666666667  -3.8333333333333335  0.0
7.916666666666667  8.145833333333334  -3.8333333333333335  -3.5  0.0
7.916666666666667  8.145833333333334  -3.5  -3.166666666666667  2.9874080442873776e-05
7.916666666666667  8.145833333333334  -3.166666666666667  -2.8333333333333335  0.0002577667171403222
7.916666666666667  8.145833333333334  -2.8333333333333335  -2.5  0.0004578333095045191
7.916666666666667  8.145833333333334  -2.5  -2.166666666666667  0.0010143121584886535
7.916666666666667  8.145833333333334  -2.166666666666667  -1.8333333333333335  0.001583793274356529
7.916666666666667  8.145833333333334  -1.8333333333333335  -1.5  0.0012125665744085763
7.916666666666667  8.145833333333334  -1.5  -1.166666666666667  0.0003173204633695818
7.916666666666667  8.145833333333334  -1.166666666666667  -0.8333333333333339  4.3824091915499625e-05
7.916666666666667  8.145833333333334  -0.8333333333333339  -0.5  3.3854699807060345e-06
7.916666666666667  8.145833333333334  -0.5  -0.16666666666666696  3.850570528979577e-08
7.916666666666667  8.145833333333334  -0.16666666666666696  0.16666666666666607  1.9952956377442948e-07
7.916666666666667  8.145833333333334  0.16666666666666607  0.5  2.8004149301640104e-08
7.916666666666667  8.145833333333334  0.5  0.833333333333333  1.0212972885628592e-07
7.916666666666667  8.145833333333334  0.833333333333333  1.166666666666666  0.0
7.916666666666667  8.145833333333334  1.166666666666666  1.5  0.0
7.916666666666667  8.145833333333334  1.5  1.833333333333333  0.0
7.916666666666667  8.145833333333334  1.833333333333333  2.166666666666666  0.0
7.916666666666667  8.145833333333334  2.166666666666666  2.5  0.0
8.145833333333334  8.375  -5.5  -5.166666666666667  0.0
8.145833333333334  8.375  -5.166666666666667  -4.833333333333333  0.0
8.145833333333334  8.375  -4.833333333333333  -4.5  0.0
8.145833333333334  8.375  -4.5  -4.166666666666667  0.0
8.145833333333334  8.375  -4.166666666666667  -3.8333333333333335  0.0
8.145833333333334  8.375  -3.8333333333333335  -3.5  0.0
8.145833333333334  8.375  -3.5  -3.166666666666667  2.350022798168052e-05
8.145833333333334  8.375  -3.166666666666667  -2.8333333333333335  0.00025423000479866617
8.145833333333334  8.375  -2.8333333333333335  -2.5  0.00040429080119886704
8.145833333333334  8.375  -2.5  -2.166666666666667  0.0009449008687553083
8.145833333333334  8.375  -2.166666666666667  -1.8333333333333335  0.0019416629927120992
8.145833333333334  8.375  -1.8333333333333335  -1.5  0.0021834490856287615
8.145833333333334  8.375  -1.5  -1.166666666666667  0.0010526554787623683
8.145833333333334  8.375  -1.166666666666667  -0.8333333333333339  0.0002094631409386117
8.145833333333334  8.375  -0.8333333333333339  -0.5  2.168929517284797e-05
8.145833333333334  8.375  -0.5  -0.16666666666666696  3.5828227887142994e-07
8.145833333333334  8.375  -0.16666666666666696  0.16666666666666607  6.007631109178951e-09
8.145833333333334  8.375  0.16666666666666607  0.5  0.0
8.145833333333334  8.375  0.5  0.833333333333333  2.4030524436756428e-08
8.145833333333334  8.375  0.833333333333333  1.166666666666666  0.0
8.145833333333334  8.375  1.166666666666666  1.5  0.0
8.145833333333334  8.375  1.5  1.833333333333333  0.0
8.145833333333334  8.375  1.833333333333333  2.166666666666666  0.0
8.145833333333334  8.375  2.166666666666666  2.5  0.0
8.375  8.604166666666666  -5.5  -5.166666666666667  0.0
8.375  8.604166666666666  -5.166666666666667  -4.833333333333333  0.0
8.375  8.604166666666666  -4.833333333333333  -4.5  0.0
8.375  8.604166666666666  -4.5  -4.166666666666667  0.0
8.375  8.604166666666666  -4.166666666666667  -3.8333333333333335  0.0
8.375  8.604166666666666  -3.8333333333333335  -3.5  0.0
8.375  8.604166666666666  -3.5  -3.166666666666667  1.9703684779281213e-05
8.375  8.604166666666666  -3.166666666666667  -2.8333333333333335  0.00016668081324086505
8.375  8.604166666666666  -2.8333333333333335  -2.5  0.0003371722311039207
8.375  8.604166666666666  -2.5  -2.166666666666667  0.0007742418488750412
8.375  8.604166666666666  -2.166666666666667  -1.8333333333333335  0.0017742848129797537
8.375  8.604166666666666  -1.8333333333333335  -1.5  0.002987325805688928
8.375  8.604166666666666  -1.5  -1.166666666666667  0.002342554571338951
8.375  8.604166666666666  -1.166666666666667  -0.8333333333333339  0.0007444383077363677
8.375  8.604166666666666  -0.8333333333333339  -0.5  0.00015206182490989996
8.375  8.604166666666666  -0.5  -0.16666666666666696  7.427390358917202e-06
8.375  8.604166666666666  -0.16666666666666696  0.16666666666666607  0.0
8.375  8.604166666666666  0.16666666666666607  0.5  0.0
8.375  8.604166666666666  0.5  0.833333333333333  9.612209774702571e-08
8.375  8.604166666666666  0.833333333333333  1.166666666666666  0.0
8.375  8.604166666666666  1.166666666666666  1.5  0.0
8.375  8.604166666666666  1.5  1.833333333333333  0.0
8.375  8.604166666666666  1.833333333333333  2.166666666666666  0.0
8.375  8.604166666666666  2.166666666666666  2.5  0.0
8.604166666666666  8.833333333333334  -5.5  -5.166666666666667  0.0
8.604166666666666  8.833333333333334  -5.166666666666667  -4.833333333333333  0.0
8.604166666666666  8.833333333333334  -4.833333333333333  -4.5  0.0
8.604166666666666  8.833333333333334  -4.5  -4.166666666666667  0.0
8.604166666666666  8.833333333333334  -4.166666666666667  -3.8333333333333335  0.0
8.604166666666666  8.833333333333334  -3.8333333333333335  -3.5  0.0
8.604166666666666  8.833333333333334  -3.5  -3.166666666666667  1.058640974805549e-05
8.604166666666666  8.833333333333334  -3.166666666666667  -2.8333333333333335  0.0001094438496377354
8.604166666666666  8.833333333333334  -2.8333333333333335  -2.5  0.00022817991589449264
8.604166666666666  8.833333333333334  -2.5  -2.166666666666667  0.000532590317862203
8.604166666666666  8.833333333333334  -2.166666666666667  -1.8333333333333335  0.0012818961153909538
8.604166666666666  8.833333333333334  -1.8333333333333335  -1.5  0.0029694468693700583
8.604166666666666  8.833333333333334  -1.5  -1.166666666666667  0.0038432195134565825
8.604166666666666  8.833333333333334  -1.166666666666667  -0.8333333333333339  0.00232848126462965
8.604166666666666  8.833333333333334  -0.8333333333333339  -0.5  0.0005998060578744214
8.604166666666666  8.833333333333334  -0.5  -0.16666666666666696  7.321151007854445e-05
8.604166666666666  8.833333333333334  -0.16666666666666696  0.16666666666666607  2.2723001627292067e-05
8.604166666666666  8.833333333333334  0.16666666666666607  0.5  1.3652022784557675e-07
8.604166666666666  8.833333333333334  0.5  0.833333333333333  0.0
8.604166666666666  8.833333333333334  0.833333333333333  1.166666666666666  0.0
8.604166666666666  8.833333333333334  1.166666666666666  1.5  0.0
8.604166666666666  8.833333333333334  1.5  1.833333333333333  0.0
8.604166666666666  8.833333333333334  1.833333333333333  2.166666666666666  0.0
8.604166666666666  8.833333333333334  2.166666666666666  2.5  0.0
8.833333333333334  9.0625  -5.5  -5.166666666666667  0.0
8.833333333333334  9.0625  -5.166666666666667  -4.833333333333333  0.0
8.833333333333334  9.0625  -4.833333333333333  -4.5  0.0
8.833333333333334  9.0625  -4.5  -4.166666666666667  0.0
8.833333333333334  9.0625  -4.166666666666667  -3.8333333333333335  0.0
8.833333333333334  9.0625  -3.8333333333333335  -3.5  0.0
8.833333333333334  9.0625  -3.5  -3.166666666666667  1.0669552849927166e-05
8.833333333333334  9.0625  -3.166666666666667  -2.8333333333333335  0.00010016189346284203
8.833333333333334  9.0625  -2.8333333333333335  -2.5  0.0001717348867618508
8.833333333333334  9.0625  -2.5  -2.166666666666667  0.0003141521187816468
8.833333333333334  9.0625  -2.166666666666667  -1.8333333333333335  0.000800167477444036
8.833333333333334  9.0625  -1.8333333333333335  -1.5  0.0023212084195654145
8.833333333333334  9.0625  -1.5  -1.166666666666667  0.004692706981705042
8.833333333333334  9.0625  -1.166666666666667  -0.8333333333333339  0.004730565031892113
8.833333333333334  9.0625  -0.8333333333333339  -0.5  0.0024612258449208755
8.833333333333334  9.0625  -0.5  -0.16666666666666696  0.0004293130534135943
8.833333333333334  9.0625  -0.16666666666666696  0.16666666666666607  4.445658701640242e-07
8.833333333333334  9.0625  0.16666666666666607  0.5  0.0
8.833333333333334  9.0625  0.5  0.833333333333333  0.0
8.833333333333334  9.0625  0.833333333333333  1.166666666666666  0.0
8.833333333333334  9.0625  1.166666666666666  1.5  0.0
8.833333333333334  9.0625  1.5  1.833333333333333  0.0
8.833333333333334  9.0625  1.833333333333333  2.166666666666666  0.0
8.833333333333334  9.0625  2.166666666666666  2.5  0.0
9.0625  9.291666666666666  -5.5  -5.166666666666667  0.0
9.0625  9.291666666666666  -5.166666666666667  -4.833333333333333  0.0
9.0625  9.291666666666666  -4.833333333333333  -4.5  0.0
9.0625  9.291666666666666  -4.5  -4.166666666666667  0.0
9.0625  9.291666666666666  -4.166666666666667  -3.8333333333333335  0.0
9.0625  9.291666666666666  -3.8333333333333335  -3.5  0.0
9.0625  9.291666666666666  -3.5  -3.166666666666667  0.0
9.0625  9.291666666666666  -3.166666666666667  -2.8333333333333335  6.326784677411926e-05
9.0625  9.291666666666666  -2.8333333333333335  -2.5  0.00010053272462336474
9.0625  9.291666666666666  -2.5  -2.166666666666667  0.00024465326374495876
9.0625  9.291666666666666  -2.166666666666667  -1.8333333333333335  0.000500468149336843
9.0625  9.291666666666666  -1.8333333333333335  -1.5  0.0015225284882815935
9.0625  9.291666666666666  -1.5  -1.166666666666667  0.003918415791740151
9.0625  9.291666666666666  -1.166666666666667  -0.8333333333333339  0.006841973839033234
9.0625  9.291666666666666  -0.8333333333333339  -0.5  0.005981925532782046
9.0625  9.291666666666666  -0.5  -0.16666666666666696  0.0018468910416875575
9.0625  9.291666666666666  -0.16666666666666696  0.16666666666666607  0.00011147084011395238
9.0625  9.291666666666666  0.16666666666666607  0.5  0.0
9.0625  9.291666666666666  0.5  0.833333333333333  0.0
9.0625  9.291666666666666  0.833333333333333  1.166666666666666  0.0
9.0625  9.291666666666666  1.166666666666666  1.5  0.0
9.0625  9.291666666666666  1.5  1.833333333333333  0.0
9.0625  9.291666666666666  1.833333333333333  2.166666666666666  0.0
9.0625  9.291666666666666  2.166666666666666  2.5  0.0
9.291666666666666  9.520833333333332  -5.5  -5.166666666666667  0.0
9.291666666666666  9.520833333333332  -5.166666666666667  -4.833333333333333  0.0
9.291666666666666  9.520833333333332  -4.833333333333333  -4.5  0.0
9.291666666666666  9.520833333333332  -4.5  -4.166666666666667  0.0
9.291666666666666  9.520833333333332  -4.166666666666667  -3.8333333333333335  0.0
9.291666666666666  9.520833333333332  -3.8333333333333335  -3.5  0.0
9.291666666666666  9.520833333333332  -3.5  -3.166666666666667  5.280707744965088e-06
9.291666666666666  9.520833333333332  -3.166666666666667  -2.8333333333333335  2.3737586184169428e-05
9.291666666666666  9.520833333333332  -2.8333333333333335  -2.5  6.50091107767654e-05
9.291666666666666  9.520833333333332  -2.5  -2.166666666666667  7.896906659706851e-05
9.291666666666666  9.520833333333332  -2.166666666666667  -1.8333333333333335  0.00022833087136121553
9.291666666666666  9.520833333333332  -1.8333333333333335  -1.5  0.0008989210351392605
9.291666666666666  9.520833333333332  -1.5  -1.166666666666667  0.0025162086930340727
9.291666666666666  9.520833333333332  -1.166666666666667  -0.8333333333333339  0.006584181526557463
9.291666666666666  9.520833333333332  -0.8333333333333339  -0.5  0.00965543265328599
9.291666666666666  9.520833333333332  -0.5  -0.16666666666666696  0.006231159720578495
9.291666666666666  9.520833333333332  -0.16666666666666696  0.16666666666666607  0.001042685857888134
9.291666666666666  9.520833333333332  0.16666666666666607  0.5  4.368148579491851e-05
9.291666666666666  9.520833333333332  0.5  0.833333333333333  0.0
9.291666666666666  9.520833333333332  0.833333333333333  1.166666666666666  0.0
9.291666666666666  9.520833333333332  1.166666666666666  1.5  0.0
9.291666666666666  9.520833333333332  1.5  1.833333333333333  0.0
9.291666666666666  9.520833333333332  1.833333333333333  2.166666666666666  0.0
9.291666666666666  9.520833333333332  2.166666666666666  2.5  0.0
9.520833333333332  9.75  -5.5  -5.166666666666667  0.0
9.520833333333332  9.75  -5.166666666666667  -4.833333333333333  0.0
9.520833333333332  9.75  -4.833333333333333  -4.5  0.0
9.520833333333332  9.75  -4.5  -4.166666666666667  0.0
9.520833333333332  9.75  -4.166666666666667  -3.8333333333333335  0.0
9.520833333333332  9.75  -3.8333333333333335  -3.5  0.0
9.520833333333332  9.75  -3.5  -3.166666666666667  0.0
9.520833333333332  9.75  -3.166666666666667  -2.8333333333333335  2.766627858166983e-05
9.520833333333332  9.75  -2.8333333333333335  -2.5  6.61699545375345e-05
9.520833333333332  9.75  -2.5  -2.166666666666667  7.136432846369269e-05
9.520833333333332  9.75  -2.166666666666667  -1.8333333333333335  0.00021380384577777322
9.520833333333332  9.75  -1.8333333333333335  -1.5  0.0005252329308679791
9.520833333333332  9.75  -1.5  -1.166666666666667  0.001661858273580335
9.520833333333332  9.75  -1.166666666666667  -0.8333333333333339  0.004445016258441492
9.520833333333332  9.75  -0.8333333333333339  -0.5  0.010967644095637016
9.520833333333332  9.75  -0.5  -0.16666666666666696  0.012562367393653455
9.520833333333332  9.75  -0.16666666666666696  0.16666666666666607  0.004114309917337021
9.520833333333332  9.75  0.16666666666666607  0.5  0.0003858150699757339
9.520833333333332  9.75  0.5  0.833333333333333  0.0
9.520833333333332  9.75  0.833333333333333  1.166666666666666  0.0
9.520833333333332  9.75  1.166666666666666  1.5  0.0
9.520833333333332  9.75  1.5  1.833333333333333  0.0
9.520833333333332  9.75  1.833333333333333  2.166666666666666  0.0
9.520833333333332  9.75  2.166666666666666  2.5  0.0
9.75  9.979166666666666  -5.5  -5.166666666666667  0.0
9.75  9.979166666666666  -5.166666666666667  -4.833333333333333  0.0
9.75  9.979166666666666  -4.833333333333333  -4.5  0.0
9.75  9.979166666666666  -4.5  -4.166666666666667  0.0
9.75  9.979166666666666  -4.166666666666667  -3.8333333333333335  0.0
9.75  9.979166666666666  -3.8333333333333335  -3.5  0.0
9.75  9.979166666666666  -3.5  -3.166666666666667  1.4610558857562535e-05
9.75  9.979166666666666  -3.166666666666667  -2.8333333333333335  0.0
9.75  9.979166666666666  -2.8333333333333335  -2.5  7.291316486547769e-05
9.75  9.979166666666666  -2.5  -2.166666666666667  0.0001238812107423512
9.75  9.979166666666666  -2.166666666666667  -1.8333333333333335  0.00028920205577271356
9.75  9.979166666666666  -1.8333333333333335  -1.5  0.0007021357800721027
9.75  9.979166666666666  -1.5  -1.166666666666667  0.001389427138265339
9.75  9.979166666666666  -1.166666666666667  -0.8333333333333339  0.0030803317287762012
9.75  9.979166666666666  -0.8333333333333339  -0.5  0.007064619543195799
9.75  9.979166666666666  -0.5  -0.16666666666666696  0.015320898436235112
9.75  9.979166666666666  -0.16666666666666696  0.16666666666666607  0.012042106007129601
9.75  9.979166666666666  0.16666666666666607  0.5  0.0019069713787088036
9.75  9.979166666666666  0.5  0.833333333333333  0.0
9.75  9.979166666666666  0.833333333333333  1.166666666666666  3.8708735372228764e-05
9.75  9.979166666666666  1.166666666666666  1.5  0.0
9.75  9.979166666666666  1.5  1.833333333333333  0.0
9.75  9.979166666666666  1.833333333333333  2.166666666666666  0.0
9.75  9.979166666666666  2.166666666666666  2.5  0.0
9.979166666666666  10.208333333333332  -5.5  -5.166666666666667  0.0
9.979166666666666  10.208333333333332  -5.166666666666667  -4.833333333333333  0.0
9.979166666666666  10.208333333333332  -4.833333333333333  -4.5  0.0
9.979166666666666  10.208333333333332  -4.5  -4.166666666666667  0.0
9.979166666666666  10.208333333333332  -4.166666666666667  -3.8333333333333335  0.0
9.979166666666666  10.208333333333332  -3.8333333333333335  -3.5  0.0
9.979166666666666  10.208333333333332  -3.5  -3.166666666666667  0.0
9.979166666666666  10.208333333333332  -3.166666666666667  -2.8333333333333335  6.570546144123087e-05
9.979166666666666  10.208333333333332  -2.8333333333333335  -2.5  0.00011073865979068535
9.979166666666666  10.208333333333332  -2.5  -2.166666666666667  0.0002405354503316842
9.979166666666666  10.208333333333332  -2.166666666666667  -1.8333333333333335  0.0006339370449384503
9.979166666666666  10.208333333333332  -1.8333333333333335  -1.5  0.0007290126308092598
9.979166666666666  10.208333333333332  -1.5  -1.166666666666667  0.001402726981941677
9.979166666666666  10.208333333333332  -1.166666666666667  -0.8333333333333339  0.003143096905531777
9.979166666666666  10.208333333333332  -0.8333333333333339  -0.5  0.006442330156892664
9.979166666666666  10.208333333333332  -0.5  -0.16666666666666696  0.013003478061092347
9.979166666666666  10.208333333333332  -0.16666666666666696  0.16666666666666607  0.024154129257669396
9.979166666666666  10.208333333333332  0.16666666666666607  0.5  0.0071835101620349945
9.979166666666666  10.208333333333332  0.5  0.833333333333333  0.00031828466667477263
9.979166666666666  10.208333333333332  0.833333333333333  1.166666666666666  0.0
9.979166666666666  10.208333333333332  1.166666666666666  1.5  0.0
9.979166666666666  10.208333333333332  1.5  1.833333333333333  0.0
9.979166666666666  10.208333333333332  1.833333333333333  2.166666666666666  0.0
9.979166666666666  10.208333333333332  2.166666666666666  2.5  0.0
10.208333333333332  10.4375  -5.5  -5.166666666666667  0.0
10.208333333333332  10.4375  -5.166666666666667  -4.833333333333333  0.0
10.208333333333332  10.4375  -4.833333333333333  -4.5  0.0
10.208333333333332  10.4375  -4.5  -4.166666666666667  0.0
10.208333333333332  10.4375  -4.166666666666667  -3.8333333333333335  0.0
10.208333333333332  10.4375  -3.8333333333333335  -3.5  0.0
10.208333333333332  10.4375  -3.5  -3.166666666666667  0.0
10.208333333333332  10.4375  -3.166666666666667  -2.8333333333333335  0.00012641251117724114
10.208333333333332  10.4375  -2.8333333333333335  -2.5  0.00042586969791047187
10.208333333333332  10.4375  -2.5  -2.166666666666667  0.00020725639229884828
10.208333333333332  10.4375  -2.166666666666667  -1.8333333333333335  0.0010229393496805834
10.208333333333332  10.4375  -1.8333333333333335  -1.5  0.0012423083085101056
10.208333333333332  10.4375  -1.5  -1.166666666666667  0.002485286549207546
10.208333333333332  10.4375  -1.166666666666667  -0.8333333333333339  0.002893426140598833
10.208333333333332  10.4375  -0.8333333333333339  -0.5  0.006406129833458234
10.208333333333332  10.4375  -0.5  -0.16666666666666696  0.011780205728410605
10.208333333333332  10.4375  -0.16666666666666696  0.16666666666666607  0.023215986968833927
10.208333333333332  10.4375  0.16666666666666607  0.5  0.020973858840114427
10.208333333333332  10.4375  0.5  0.833333333333333  0.0020838396280835904
10.208333333333332  10.4375  0.833333333333333  1.166666666666666  0.0
10.208333333333332  10.4375  1.166666666666666  1.5  0.0
10.208333333333332  10.4375  1.5  1.833333333333333  0.0
10.208333333333332  10.4375  1.833333333333333  2.166666666666666  0.0
10.208333333333332  10.4375  2.166666666666666  2.5  0.0
10.4375  10.666666666666666  -5.5  -5.166666666666667  0.0
10.4375  10.666666666666666  -5.166666666666667  -4.833333333333333  0.0
10.4375  10.666666666666666  -4.833333333333333  -4.5  0.0
10.4375  10.666666666666666  -4.5  -4.166666666666667  0.0
10.4375  10.666666666666666  -4.166666666666667  -3.8333333333333335  0.0
10.4375  10.666666666666666  -3.8333333333333335  -3.5  0.0
10.4375  10.666666666666666  -3.5  -3.166666666666667  0.0
10.4375  10.666666666666666  -3.166666666666667  -2.8333333333333335  0.0005588949843996369
10.4375  10.666666666666666  -2.8333333333333335  -2.5  0.00017770315286226232
10.4375  10.666666666666666  -2.5  -2.166666666666667  0.00045225792531737683
10.4375  10.666666666666666  -2.166666666666667  -1.8333333333333335  0.0017391559802691723
10.4375  10.666666666666666  -1.8333333333333335  -1.5  0.0038260364397537266
10.4375  10.666666666666666  -1.5  -1.166666666666667  0.003948649586321826
10.4375  10.666666666666666  -1.166666666666667  -0.8333333333333339  0.004621390760495419
10.4375  10.666666666666666  -0.8333333333333339  -0.5  0.006127334511508727
10.4375  10.666666666666666  -0.5  -0.16666666666666696  0.011062407504855605
10.4375  10.666666666666666  -0.16666666666666696  0.16666666666666607  0.017730343324367223
10.4375  10.666666666666666  0.16666666666666607  0.5  0.030458117718237723
10.4375  10.666666666666666  0.5  0.833333333333333  0.009151911407786626
10.4375  10.666666666666666  0.833333333333333  1.166666666666666  0.0
10.4375  10.666666666666666  1.166666666666666  1.5  0.0
10.4375  10.666666666666666  1.5  1.833333333333333  0.0
10.4375  10.666666666666666  1.833333333333333  2.166666666666666  0.0
10.4375  10.666666666666666  2.166666666666666  2.5  0.0
10.666666666666666  10.895833333333332  -5.5  -5.166666666666667  0.0
10.666666666666666  10.895833333333332  -5.166666666666667  -4.833333333333333  0.0
10.666666666666666  10.895833333333332  -4.833333333333333  -4.5  0.0
10.666666666666666  10.895833333333332  -4.5  -4.166666666666667  0.0
10.666666666666666  10.895833333333332  -4.166666666666667  -3.8333333333333335  0.0
10.666666666666666  10.895833333333332  -3.8333333333333335  -3.5  0.0
10.666666666666666  10.895833333333332  -3.5  -3.166666666666667  0.0
10.666666666666666  10.895833333333332  -3.166666666666667  -2.8333333333333335  0.00030831763615514306
10.666666666666666  10.895833333333332  -2.8333333333333335  -2.5  0.0005472189304539659
10.666666666666666  10.895833333333332  -2.5  -2.166666666666667  0.0009603406720608891
10.666666666666666  10.895833333333332  -2.166666666666667  -1.8333333333333335  0.00176273606326245
10.666666666666666  10.895833333333332  -1.8333333333333335  -1.5  0.0036764499100788582
10.666666666666666  10.895833333333332  -1.5  -1.166666666666667  0.004882652196245015
10.666666666666666  10.895833333333332  -1.166666666666667  -0.8333333333333339  0.008048195033611174
10.666666666666666  10.895833333333332  -0.8333333333333339  -0.5  0.008504338098287984
10.666666666666666  10.895833333333332  -0.5  -0.16666666666666696  0.00963784544498664
10.666666666666666  10.895833333333332  -0.16666666666666696  0.16666666666666607  0.015521380570890211
10.666666666666666  10.895833333333332  0.16666666666666607  0.5  0.025640219453717885
10.666666666666666  10.895833333333332  0.5  0.833333333333333  0.02127620626417715
10.666666666666666  10.895833333333332  0.833333333333333  1.166666666666666  0.0006575256837366768
10.666666666666666  10.895833333333332  1.166666666666666  1.5  0.0
10.666666666666666  10.895833333333332  1.5  1.833333333333333  0.0
10.666666666666666  10.895833333333332  1.833333333333333  2.166666666666666  0.0
10.666666666666666  10.895833333333332  2.166666666666666  2.5  0.0
10.895833333333332  11.125  -5.5  -5.166666666666667  0.0
10.895833333333332  11.125  -5.166666666666667  -4.833333333333333  0.0
10.895833333333332  11.125  -4.833333333333333  -4.5  0.0
10.895833333333332  11.125  -4.5  -4.166666666666667  0.0
10.895833333333332  11.125  -4.166666666666667  -3.8333333333333335  0.0
10.895833333333332  11.125  -3.8333333333333335  -3.5  0.0
10.895833333333332  11.125  -3.5  -3.166666666666667  0.0
10.895833333333332  11.125  -3.166666666666667  -2.8333333333333335  0.00023823861926631321
10.895833333333332  11.125  -2.8333333333333335  -2.5  0.0
10.895833333333332  11.125  -2.5  -2.166666666666667  0.0003624103466620195
10.895833333333332  11.125  -2.166666666666667  -1.8333333333333335  0.0003673366041716754
10.895833333333332  11.125  -1.8333333333333335  -1.5  0.0016456035746117955
10.895833333333332  11.125  -1.5  -1.166666666666667  0.0027768178836809565
10.895833333333332  11.125  -1.166666666666667  -0.8333333333333339  0.005998446149022642
10.895833333333332  11.125  -0.8333333333333339  -0.5  0.008373746850198564
10.895833333333332  11.125  -0.5  -0.16666666666666696  0.012067258285773928
10.895833333333332  11.125  -0.16666666666666696  0.16666666666666607  0.017913904319552053
10.895833333333332  11.125  0.16666666666666607  0.5  0.027237272458861865
10.895833333333332  11.125  0.5  0.833333333333333  0.03006333037843005
10.895833333333332  11.125  0.833333333333333  1.166666666666666  0.0020683328745073025
10.895833333333332  11.125  1.166666666666666  1.5  0.0
10.895833333333332  11.125  1.5  1.833333333333333  0.0
10.895833333333332  11.125  1.833333333333333  2.166666666666666  0.0
10.895833333333332  11.125  2.166666666666666  2.5  0.0
11.125  11.354166666666666  -5.5  -5.166666666666667  0.0
11.125  11.354166666666666  -5.166666666666667  -4.833333333333333  0.0
11.125  11.354166666666666  -4.833333333333333  -4.5  0.0
11.125  11.354166666666666  -4.5  -4.166666666666667  0.0
11.125  11.354166666666666  -4.166666666666667  -3.8333333333333335  0.0
11.125  11.354166666666666  -3.8333333333333335  -3.5  0.0
11.125  11.354166666666666  -3.5  -3.166666666666667  0.0
11.125  11.354166666666666  -3.166666666666667  -2.8333333333333335  0.0
11.125  11.354166666666666  -2.8333333333333335  -2.5  0.0
11.125  11.354166666666666  -2.5  -2.166666666666667  0.0003639302773327778
11.125  11.354166666666666  -2.166666666666667  -1.8333333333333335  0.0004898870852909003
11.125  11.354166666666666  -1.8333333333333335  -1.5  0.00040031849896116984
11.125  11.354166666666666  -1.5  -1.166666666666667  0.0015348044371296641
11.125  11.354166666666666  -1.166666666666667  -0.8333333333333339  0.00416913246411468
11.125  11.354166666666666  -0.8333333333333339  -0.5  0.008432997039634509
11.125  11.354166666666666  -0.5  -0.16666666666666696  0.016141187680724162
11.125  11.354166666666666  -0.16666666666666696  0.16666666666666607  0.01675197924291136
11.125  11.354166666666666  0.16666666666666607  0.5  0.024462275574885797
11.125  11.354166666666666  0.5  0.833333333333333  0.0335763557012701
11.125  11.354166666666666  0.833333333333333  1.166666666666666  0.011309534223048926
11.125  11.354166666666666  1.166666666666666  1.5  0.0
11.125  11.354166666666666  1.5  1.833333333333333  0.0
11.125  11.354166666666666  1.833333333333333  2.166666666666666  0.0
11.125  11.354166666666666  2.166666666666666  2.5  0.0
11.354166666666666  11.583333333333332  -5.5  -5.166666666666667  0.0
11.354166666666666  11.583333333333332  -5.166666666666667  -4.833333333333333  0.0
11.354166666666666  11.583333333333332  -4.833333333333333  -4.5  0.0
11.354166666666666  11.583333333333332  -4.5  -4.166666666666667  0.0
11.354166666666666  11.583333333333332  -4.166666666666667  -3.8333333333333335  0.0
11.354166666666666  11.583333333333332  -3.8333333333333335  -3.5  0.0
11.354166666666666  11.583333333333332  -3.5  -3.166666666666667  0.0
11.354166666666666  11.583333333333332  -3.166666666666667  -2.8333333333333335  0.0
11.354166666666666  11.583333333333332  -2.8333333333333335  -2.5  0.0
11.354166666666666  11.583333333333332  -2.5  -2.166666666666667  0.0
11.354166666666666  11.583333333333332  -2.166666666666667  -1.8333333333333335  0.0
11.354166666666666  11.583333333333332  -1.8333333333333335  -1.5  0.0012991868746478857
11.354166666666666  11.583333333333332  -1.5  -1.166666666666667  0.0
11.354166666666666  11.583333333333332  -1.166666666666667  -0.8333333333333339  0.0012686807626411068
11.354166666666666  11.583333333333332  -0.8333333333333339  -0.5  0.0037484491339255807
11.354166666666666  11.583333333333332  -0.5  -0.16666666666666696  0.005623242518577467
11.354166666666666  11.583333333333332  -0.16666666666666696  0.16666666666666607  0.02025021811561223
11.354166666666666  11.583333333333332  0.16666666666666607  0.5  0.020224381452421523
11.354166666666666  11.583333333333332  0.5  0.833333333333333  0.02619131961624766
11.354166666666666  11.583333333333332  0.833333333333333  1.166666666666666  0.00777289012702478
11.354166666666666  11.583333333333332  1.166666666666666  1.5  0.0
11.354166666666666  11.583333333333332  1.5  1.833333333333333  0.0
11.354166666666666  11.583333333333332  1.833333333333333  2.166666666666666  0.0
11.354166666666666  11.583333333333332  2.166666666666666  2.5  0.0
11.583333333333332  11.8125  -5.5  -5.166666666666667  0.0
11.583333333333332  11.8125  -5.166666666666667  -4.833333333333333  0.0
11.583333333333332  11.8125  -4.833333333333333  -4.5  0.0
11.583333333333332  11.8125  -4.5  -4.166666666666667  0.0
11.583333333333332  11.8125  -4.166666666666667  -3.8333333333333335  0.0
11.583333333333332  11.8125  -3.8333333333333335  -3.5  0.0
11.583333333333332  11.8125  -3.5  -3.166666666666667  0.0
11.583333333333332  11.8125  -3.166666666666667  -2.8333333333333335  0.0
11.583333333333332  11.8125  -2.8333333333333335  -2.5  0.0
11.583333333333332  11.8125  -2.5  -2.166666666666667  0.0
11.583333333333332  11.8125  -2.166666666666667  -1.8333333333333335  0.0
11.583333333333332  11.8125  -1.8333333333333335  -1.5  0.0009496067007451794
11.583333333333332  11.8125  -1.5  -1.166666666666667  0.0
11.583333333333332  11.8125  -1.166666666666667  -0.8333333333333339  0.0
11.583333333333332  11.8125  -0.8333333333333339  -0.5  0.0
11.583333333333332  11.8125  -0.5  -0.16666666666666696  0.004305451191757686
11.583333333333332  11.8125  -0.16666666666666696  0.16666666666666607  0.002889152209665468
11.583333333333332  11.8125  0.16666666666666607  0.5  0.02501877017189531
11.583333333333332  11.8125  0.5  0.833333333333333  0.024464087675130475
11.583333333333332  11.8125  0.833333333333333  1.166666666666666  0.015282095435811134
11.583333333333332  11.8125  1.166666666666666  1.5  0.003634248977179772
11.583333333333332  11.8125  1.5  1.833333333333333  0.0019860988141751864
11.583333333333332  11.8125  1.833333333333333  2.166666666666666  0.0
11.583333333333332  11.8125  2.166666666666666  2.5  0.0
11.8125  12.041666666666666  -5.5  -5.166666666666667  0.0
11.8125  12.041666666666666  -5.166666666666667  -4.833333333333333  0.0
11.8125  12.041666666666666  -4.833333333333333  -4.5  0.0
11.8125  12.041666666666666  -4.5  -4.166666666666667  0.0
11.8125  12.041666666666666  -4.166666666666667  -3.8333333333333335  0.0
11.8125  12.041666666666666  -3.8333333333333335  -3.5  0.0
11.8125  12.041666666666666  -3.5  -3.166666666666667  0.0
11.8125  12.041666666666666  -3.166666666666667  -2.8333333333333335  0.0
11.8125  12.041666666666666  -2.8333333333333335  -2.5  0.0
11.8125  12.041666666666666  -2.5  -2.166666666666667  0.0
11.8125  12.041666666666666  -2.166666666666667  -1.8333333333333335  0.0
11.8125  12.041666666666666  -1.8333333333333335  -1.5  0.0
11.8125  12.041666666666666  -1.5  -1.166666666666667  0.0
11.8125  12.041666666666666  -1.166666666666667  -0.8333333333333339  0.0
11.8125  12.041666666666666  -0.8333333333333339  -0.5  0.0
11.8125  12.041666666666666  -0.5  -0.16666666666666696  0.0
11.8125  12.041666666666666  -0.16666666666666696  0.16666666666666607  0.0025597975469482006
11.8125  12.041666666666666  0.16666666666666607  0.5  0.0
11.8125  12.041666666666666  0.5  0.833333333333333  0.0
11.8125  12.041666666666666  0.833333333333333  1.166666666666666  0.017190007159458294
11.8125  12.041666666666666  1.166666666666666  1.5  0.005327435956456993
11.8125  12.041666666666666  1.5  1.833333333333333  0.0
11.8125  12.041666666666666  1.833333333333333  2.166666666666666  0.0
11.8125  12.041666666666666  2.166666666666666  2.5  0.0
12.041666666666666  12.270833333333332  -5.5  -5.166666666666667  0.0
12.041666666666666  12.270833333333332  -5.166666666666667  -4.833333333333333  0.0
12.041666666666666  12.270833333333332  -4.833333333333333  -4.5  0.0
12.041666666666666  12.270833333333332  -4.5  -4.166666666666667  0.0
12.041666666666666  12.270833333333332  -4.166666666666667  -3.8333333333333335  0.0
12.041666666666666  12.270833333333332  -3.8333333333333335  -3.5  0.0
12.041666666666666  12.270833333333332  -3.5  -3.166666666666667  0.0
12.041666666666666  12.270833333333332  -3.166666666666667  -2.8333333333333335  0.0
12.041666666666666  12.270833333333332  -2.8333333333333335  -2.5  0.0
12.041666666666666  12.270833333333332  -2.5  -2.166666666666667  0.0
12.041666666666666  12.270833333333332  -2.166666666666667  -1.8333333333333335  0.0
12.041666666666666  12.270833333333332  -1.8333333333333335  -1.5  0.0
12.041666666666666  12.270833333333332  -1.5  -1.166666666666667  0.0
12.041666666666666  12.270833333333332  -1.166666666666667  -0.8333333333333339  0.0
12.041666666666666  12.270833333333332  -0.8333333333333339  -0.5  0.0
12.041666666666666  12.270833333333332  -0.5  -0.16666666666666696  0.0
12.041666666666666  12.270833333333332  -0.16666666666666696  0.16666666666666607  0.0
12.041666666666666  12.270833333333332  0.16666666666666607  0.5  0.0
12.041666666666666  12.270833333333332  0.5  0.833333333333333  0.0
12.041666666666666  12.270833333333332  0.833333333333333  1.166666666666666  0.020559007889100315
12.041666666666666  12.270833333333332  1.166666666666666  1.5  0.027271134788607956
12.041666666666666  12.270833333333332  1.5  1.833333333333333  0.014966796591174225
12.041666666666666  12.270833333333332  1.833333333333333  2.166666666666666  0.0
12.041666666666666  12.270833333333332  2.166666666666666  2.5  0.0
12.270833333333332  12.5  -5.5  -5.166666666666667  0.0
12.270833333333332  12.5  -5.166666666666667  -4.833333333333333  0.0
12.270833333333332  12.5  -4.833333333333333  -4.5  0.0
12.270833333333332  12.5  -4.5  -4.166666666666667  0.0
12.270833333333332  12.5  -4.166666666666667  -3.8333333333333335  0.0
12.270833333333332  12.5  -3.8333333333333335  -3.5  0.0
12.270833333333332  12.5  -3.5  -3.166666666666667  0.0
12.270833333333332  12.5  -3.166666666666667  -2.8333333333333335  0.0
12.270833333333332  12.5  -2.8333333333333335  -2.5  0.0
12.270833333333332  12.5  -2.5  -2.166666666666667  0.0
12.270833333333332  12.5  -2.166666666666667  -1.8333333333333335  0.0
12.270833333333332  12.5  -1.8333333333333335  -1.5  0.0
12.270833333333332  12.5  -1.5  -1.166666666666667  0.0
12.270833333333332  12.5  -1.166666666666667  -0.8333333333333339  0.0
12.270833333333332  12.5  -0.8333333333333339  -0.5  0.0
12.270833333333332  12.5  -0.5  -0.16666666666666696  0.0
12.270833333333332  12.5  -0.16666666666666696  0.16666666666666607  0.0
12.270833333333332  12.5  0.16666666666666607  0.5  0.0
12.270833333333332  12.5  0.5  0.833333333333333  0.0
12.270833333333332  12.5  0.833333333333333  1.166666666666666  0.0
12.270833333333332  12.5  1.166666666666666  1.5  0.008787464153142282
12.270833333333332  12.5  1.5  1.833333333333333  0.008086932312412866
12.270833333333332  12.5  1.833333333333333  2.166666666666666  0.0
12.270833333333332  12.5  2.166666666666666  2.5  0.0
