#logMsmin    logMsmax    logSFRmin    logSFRmax    Prob
7.0  7.229166666666667  -5.5  -5.166666666666667  0.0
7.0  7.229166666666667  -5.166666666666667  -4.833333333333333  0.0
7.0  7.229166666666667  -4.833333333333333  -4.5  0.0
7.0  7.229166666666667  -4.5  -4.166666666666667  0.0
7.0  7.229166666666667  -4.166666666666667  -3.8333333333333335  0.0
7.0  7.229166666666667  -3.8333333333333335  -3.5  0.0
7.0  7.229166666666667  -3.5  -3.166666666666667  1.5368757352662894e-06
7.0  7.229166666666667  -3.166666666666667  -2.8333333333333335  0.0013336704912691988
7.0  7.229166666666667  -2.8333333333333335  -2.5  0.0017008382545228627
7.0  7.229166666666667  -2.5  -2.166666666666667  0.002177368697938267
7.0  7.229166666666667  -2.166666666666667  -1.8333333333333335  0.002905015322097841
7.0  7.229166666666667  -1.8333333333333335  -1.5  0.002834854616183303
7.0  7.229166666666667  -1.5  -1.166666666666667  0.0013611363235380713
7.0  7.229166666666667  -1.166666666666667  -0.8333333333333339  0.00036908885792275297
7.0  7.229166666666667  -0.8333333333333339  -0.5  8.287485972443066e-05
7.0  7.229166666666667  -0.5  -0.16666666666666696  1.7872001921464176e-05
7.0  7.229166666666667  -0.16666666666666696  0.16666666666666607  9.605473345416396e-07
7.0  7.229166666666667  0.16666666666666607  0.5  2.3285995988883897e-08
7.0  7.229166666666667  0.5  0.833333333333333  0.0
7.0  7.229166666666667  0.833333333333333  1.166666666666666  0.0
7.0  7.229166666666667  1.166666666666666  1.5  0.0
7.0  7.229166666666667  1.5  1.833333333333333  0.0
7.0  7.229166666666667  1.833333333333333  2.166666666666666  0.0
7.0  7.229166666666667  2.166666666666666  2.5  0.0
7.229166666666667  7.458333333333333  -5.5  -5.166666666666667  0.0
7.229166666666667  7.458333333333333  -5.166666666666667  -4.833333333333333  0.0
7.229166666666667  7.458333333333333  -4.833333333333333  -4.5  0.0
7.229166666666667  7.458333333333333  -4.5  -4.166666666666667  0.0
7.229166666666667  7.458333333333333  -4.166666666666667  -3.8333333333333335  0.0
7.229166666666667  7.458333333333333  -3.8333333333333335  -3.5  0.0
7.229166666666667  7.458333333333333  -3.5  -3.166666666666667  6.6481518548248985e-06
7.229166666666667  7.458333333333333  -3.166666666666667  -2.8333333333333335  0.0013003482310091133
7.229166666666667  7.458333333333333  -2.8333333333333335  -2.5  0.0017605901202303546
7.229166666666667  7.458333333333333  -2.5  -2.166666666666667  0.002332261321757367
7.229166666666667  7.458333333333333  -2.166666666666667  -1.8333333333333335  0.0036563612686752074
7.229166666666667  7.458333333333333  -1.8333333333333335  -1.5  0.004774845871011011
7.229166666666667  7.458333333333333  -1.5  -1.166666666666667  0.003030247408526075
7.229166666666667  7.458333333333333  -1.166666666666667  -0.8333333333333339  0.0007939767837339127
7.229166666666667  7.458333333333333  -0.8333333333333339  -0.5  0.00011768742372782289
7.229166666666667  7.458333333333333  -0.5  -0.16666666666666696  2.294834904704e-05
7.229166666666667  7.458333333333333  -0.16666666666666696  0.16666666666666607  3.96444081710945e-06
7.229166666666667  7.458333333333333  0.16666666666666607  0.5  2.9107494986164457e-08
7.229166666666667  7.458333333333333  0.5  0.833333333333333  5.239349097500069e-08
7.229166666666667  7.458333333333333  0.833333333333333  1.166666666666666  0.0
7.229166666666667  7.458333333333333  1.166666666666666  1.5  0.0
7.229166666666667  7.458333333333333  1.5  1.833333333333333  0.0
7.229166666666667  7.458333333333333  1.833333333333333  2.166666666666666  0.0
7.229166666666667  7.458333333333333  2.166666666666666  2.5  0.0
7.458333333333333  7.6875  -5.5  -5.166666666666667  0.0
7.458333333333333  7.6875  -5.166666666666667  -4.833333333333333  0.0
7.458333333333333  7.6875  -4.833333333333333  -4.5  0.0
7.458333333333333  7.6875  -4.5  -4.166666666666667  0.0
7.458333333333333  7.6875  -4.166666666666667  -3.8333333333333335  0.0
7.458333333333333  7.6875  -3.8333333333333335  -3.5  0.0
7.458333333333333  7.6875  -3.5  -3.166666666666667  1.079888063984723e-05
7.458333333333333  7.6875  -3.166666666666667  -2.8333333333333335  0.0011024987660895737
7.458333333333333  7.6875  -2.8333333333333335  -2.5  0.0013888815877588685
7.458333333333333  7.6875  -2.5  -2.166666666666667  0.0021698065707410788
7.458333333333333  7.6875  -2.166666666666667  -1.8333333333333335  0.0036692442459561312
7.458333333333333  7.6875  -1.8333333333333335  -1.5  0.005934529221750514
7.458333333333333  7.6875  -1.5  -1.166666666666667  0.006153138152094139
7.458333333333333  7.6875  -1.166666666666667  -0.8333333333333339  0.002432944146914443
7.458333333333333  7.6875  -0.8333333333333339  -0.5  0.00031970508192939306
7.458333333333333  7.6875  -0.5  -0.16666666666666696  3.009132831664335e-05
7.458333333333333  7.6875  -0.16666666666666696  0.16666666666666607  3.848010837163195e-06
7.458333333333333  7.6875  0.16666666666666607  0.5  2.380993089863533e-06
7.458333333333333  7.6875  0.5  0.833333333333333  0.0
7.458333333333333  7.6875  0.833333333333333  1.166666666666666  0.0
7.458333333333333  7.6875  1.166666666666666  1.5  0.0
7.458333333333333  7.6875  1.5  1.833333333333333  0.0
7.458333333333333  7.6875  1.833333333333333  2.166666666666666  0.0
7.458333333333333  7.6875  2.166666666666666  2.5  0.0
7.6875  7.916666666666667  -5.5  -5.166666666666667  0.0
7.6875  7.916666666666667  -5.166666666666667  -4.833333333333333  0.0
7.6875  7.916666666666667  -4.833333333333333  -4.5  0.0
7.6875  7.916666666666667  -4.5  -4.166666666666667  0.0
7.6875  7.916666666666667  -4.166666666666667  -3.8333333333333335  0.0
7.6875  7.916666666666667  -3.8333333333333335  -3.5  0.0
7.6875  7.916666666666667  -3.5  -3.166666666666667  1.0560199180965115e-05
7.6875  7.916666666666667  -3.166666666666667  -2.8333333333333335  0.0006300142644771958
7.6875  7.916666666666667  -2.8333333333333335  -2.5  0.0009550925899809128
7.6875  7.916666666666667  -2.5  -2.166666666666667  0.0014721464879161351
7.6875  7.916666666666667  -2.166666666666667  -1.8333333333333335  0.002629344058583327
7.6875  7.916666666666667  -1.8333333333333335  -1.5  0.005344066221460445
7.6875  7.916666666666667  -1.5  -1.166666666666667  0.008669009552223906
7.6875  7.916666666666667  -1.166666666666667  -0.8333333333333339  0.006367724426630809
7.6875  7.916666666666667  -0.8333333333333339  -0.5  0.0014705455756917685
7.6875  7.916666666666667  -0.5  -0.16666666666666696  9.419185377500273e-05
7.6875  7.916666666666667  -0.16666666666666696  0.16666666666666607  3.3997554143790992e-06
7.6875  7.916666666666667  0.16666666666666607  0.5  6.578293866856245e-07
7.6875  7.916666666666667  0.5  0.833333333333333  0.0
7.6875  7.916666666666667  0.833333333333333  1.166666666666666  0.0
7.6875  7.916666666666667  1.166666666666666  1.5  0.0
7.6875  7.916666666666667  1.5  1.833333333333333  0.0
7.6875  7.916666666666667  1.833333333333333  2.166666666666666  0.0
7.6875  7.916666666666667  2.166666666666666  2.5  0.0
7.916666666666667  8.145833333333334  -5.5  -5.166666666666667  0.0
7.916666666666667  8.145833333333334  -5.166666666666667  -4.833333333333333  0.0
7.916666666666667  8.145833333333334  -4.833333333333333  -4.5  0.0
7.916666666666667  8.145833333333334  -4.5  -4.166666666666667  0.0
7.916666666666667  8.145833333333334  -4.166666666666667  -3.8333333333333335  0.0
7.916666666666667  8.145833333333334  -3.8333333333333335  -3.5  0.0
7.916666666666667  8.145833333333334  -3.5  -3.166666666666667  1.00246212732133e-05
7.916666666666667  8.145833333333334  -3.166666666666667  -2.8333333333333335  0.00031572317661525255
7.916666666666667  8.145833333333334  -2.8333333333333335  -2.5  0.0004146071585820023
7.916666666666667  8.145833333333334  -2.5  -2.166666666666667  0.0006976135108329079
7.916666666666667  8.145833333333334  -2.166666666666667  -1.8333333333333335  0.001427146300667298
7.916666666666667  8.145833333333334  -1.8333333333333335  -1.5  0.003244303926653916
7.916666666666667  8.145833333333334  -1.5  -1.166666666666667  0.007663939393351313
7.916666666666667  8.145833333333334  -1.166666666666667  -0.8333333333333339  0.011794211430893155
7.916666666666667  8.145833333333334  -0.8333333333333339  -0.5  0.005769565404666268
7.916666666666667  8.145833333333334  -0.5  -0.16666666666666696  0.0006965714625123045
7.916666666666667  8.145833333333334  -0.16666666666666696  0.16666666666666607  2.083514491104146e-05
7.916666666666667  8.145833333333334  0.16666666666666607  0.5  4.144907286022215e-06
7.916666666666667  8.145833333333334  0.5  0.833333333333333  5.530424047363143e-07
7.916666666666667  8.145833333333334  0.833333333333333  1.166666666666666  5.239349097500069e-08
7.916666666666667  8.145833333333334  1.166666666666666  1.5  0.0
7.916666666666667  8.145833333333334  1.5  1.833333333333333  0.0
7.916666666666667  8.145833333333334  1.833333333333333  2.166666666666666  0.0
7.916666666666667  8.145833333333334  2.166666666666666  2.5  0.0
8.145833333333334  8.375  -5.5  -5.166666666666667  0.0
8.145833333333334  8.375  -5.166666666666667  -4.833333333333333  0.0
8.145833333333334  8.375  -4.833333333333333  -4.5  0.0
8.145833333333334  8.375  -4.5  -4.166666666666667  0.0
8.145833333333334  8.375  -4.166666666666667  -3.8333333333333335  0.0
8.145833333333334  8.375  -3.8333333333333335  -3.5  0.0
8.145833333333334  8.375  -3.5  -3.166666666666667  0.0
8.145833333333334  8.375  -3.166666666666667  -2.8333333333333335  9.823197407908129e-05
8.145833333333334  8.375  -2.8333333333333335  -2.5  0.00014656788025298827
8.145833333333334  8.375  -2.5  -2.166666666666667  0.0002669390150184797
8.145833333333334  8.375  -2.166666666666667  -1.8333333333333335  0.0005620890141775546
8.145833333333334  8.375  -1.8333333333333335  -1.5  0.001375241815608144
8.145833333333334  8.375  -1.5  -1.166666666666667  0.004046203770522864
8.145833333333334  8.375  -1.166666666666667  -0.8333333333333339  0.011006190040633202
8.145833333333334  8.375  -0.8333333333333339  -0.5  0.014685208583405331
8.145833333333334  8.375  -0.5  -0.16666666666666696  0.004021386720297668
8.145833333333334  8.375  -0.16666666666666696  0.16666666666666607  0.0002190630072653586
8.145833333333334  8.375  0.16666666666666607  0.5  1.3488413176564157e-05
8.145833333333334  8.375  0.5  0.833333333333333  2.9107494986092956e-07
8.145833333333334  8.375  0.833333333333333  1.166666666666666  0.0
8.145833333333334  8.375  1.166666666666666  1.5  0.0
8.145833333333334  8.375  1.5  1.833333333333333  0.0
8.145833333333334  8.375  1.833333333333333  2.166666666666666  0.0
8.145833333333334  8.375  2.166666666666666  2.5  0.0
8.375  8.604166666666666  -5.5  -5.166666666666667  0.0
8.375  8.604166666666666  -5.166666666666667  -4.833333333333333  0.0
8.375  8.604166666666666  -4.833333333333333  -4.5  0.0
8.375  8.604166666666666  -4.5  -4.166666666666667  0.0
8.375  8.604166666666666  -4.166666666666667  -3.8333333333333335  0.0
8.375  8.604166666666666  -3.8333333333333335  -3.5  0.0
8.375  8.604166666666666  -3.5  -3.166666666666667  7.4864477104139455e-06
8.375  8.604166666666666  -3.166666666666667  -2.8333333333333335  1.8780155765025732e-05
8.375  8.604166666666666  -2.8333333333333335  -2.5  5.01172848670768e-05
8.375  8.604166666666666  -2.5  -2.166666666666667  4.980874542021556e-05
8.375  8.604166666666666  -2.166666666666667  -1.8333333333333335  0.00015387386149456813
8.375  8.604166666666666  -1.8333333333333335  -1.5  0.00038593045452172363
8.375  8.604166666666666  -1.5  -1.166666666666667  0.0013817677159842048
8.375  8.604166666666666  -1.166666666666667  -0.8333333333333339  0.005414250213370794
8.375  8.604166666666666  -0.8333333333333339  -0.5  0.01786599413450042
8.375  8.604166666666666  -0.5  -0.16666666666666696  0.015036693228360794
8.375  8.604166666666666  -0.16666666666666696  0.16666666666666607  0.0020540693491773207
8.375  8.604166666666666  0.16666666666666607  0.5  6.025833612022595e-05
8.375  8.604166666666666  0.5  0.833333333333333  1.6474842162173375e-06
8.375  8.604166666666666  0.833333333333333  1.166666666666666  7.276873746529197e-07
8.375  8.604166666666666  1.166666666666666  1.5  0.0
8.375  8.604166666666666  1.5  1.833333333333333  0.0
8.375  8.604166666666666  1.833333333333333  2.166666666666666  0.0
8.375  8.604166666666666  2.166666666666666  2.5  0.0
8.604166666666666  8.833333333333334  -5.5  -5.166666666666667  0.0
8.604166666666666  8.833333333333334  -5.166666666666667  -4.833333333333333  0.0
8.604166666666666  8.833333333333334  -4.833333333333333  -4.5  0.0
8.604166666666666  8.833333333333334  -4.5  -4.166666666666667  0.0
8.604166666666666  8.833333333333334  -4.166666666666667  -3.8333333333333335  0.0
8.604166666666666  8.833333333333334  -3.8333333333333335  -3.5  0.0
8.604166666666666  8.833333333333334  -3.5  -3.166666666666667  1.068827215890872e-05
8.604166666666666  8.833333333333334  -3.166666666666667  -2.8333333333333335  0.0
8.604166666666666  8.833333333333334  -2.8333333333333335  -2.5  5.821498997209057e-09
8.604166666666666  8.833333333333334  -2.5  -2.166666666666667  2.4776299732157024e-05
8.604166666666666  8.833333333333334  -2.166666666666667  -1.8333333333333335  5.3278358822560776e-05
8.604166666666666  8.833333333333334  -1.8333333333333335  -1.5  8.709544649738284e-05
8.604166666666666  8.833333333333334  -1.5  -1.166666666666667  0.00024101587998389955
8.604166666666666  8.833333333333334  -1.166666666666667  -0.8333333333333339  0.0012662342468854003
8.604166666666666  8.833333333333334  -0.8333333333333339  -0.5  0.007994064958486011
8.604166666666666  8.833333333333334  -0.5  -0.16666666666666696  0.02570866519006733
8.604166666666666  8.833333333333334  -0.16666666666666696  0.16666666666666607  0.01201350729811962
8.604166666666666  8.833333333333334  0.16666666666666607  0.5  0.0006508319448913366
8.604166666666666  8.833333333333334  0.5  0.833333333333333  1.8221291861298907e-06
8.604166666666666  8.833333333333334  0.833333333333333  1.166666666666666  6.811153826742938e-07
8.604166666666666  8.833333333333334  1.166666666666666  1.5  0.0
8.604166666666666  8.833333333333334  1.5  1.833333333333333  0.0
8.604166666666666  8.833333333333334  1.833333333333333  2.166666666666666  0.0
8.604166666666666  8.833333333333334  2.166666666666666  2.5  0.0
8.833333333333334  9.0625  -5.5  -5.166666666666667  0.0
8.833333333333334  9.0625  -5.166666666666667  -4.833333333333333  0.0
8.833333333333334  9.0625  -4.833333333333333  -4.5  0.0
8.833333333333334  9.0625  -4.5  -4.166666666666667  0.0
8.833333333333334  9.0625  -4.166666666666667  -3.8333333333333335  0.0
8.833333333333334  9.0625  -3.8333333333333335  -3.5  0.0
8.833333333333334  9.0625  -3.5  -3.166666666666667  0.0
8.833333333333334  9.0625  -3.166666666666667  -2.8333333333333335  0.0
8.833333333333334  9.0625  -2.8333333333333335  -2.5  6.985798796674703e-08
8.833333333333334  9.0625  -2.5  -2.166666666666667  4.890059157662758e-07
8.833333333333334  9.0625  -2.166666666666667  -1.8333333333333335  1.3156587733721308e-06
8.833333333333334  9.0625  -1.8333333333333335  -1.5  9.8325118062927e-06
8.833333333333334  9.0625  -1.5  -1.166666666666667  9.576948000339333e-05
8.833333333333334  9.0625  -1.166666666666667  -0.8333333333333339  0.0002462028355904646
8.833333333333334  9.0625  -0.8333333333333339  -0.5  0.0014385506172031627
8.833333333333334  9.0625  -0.5  -0.16666666666666696  0.013305391069586631
8.833333333333334  9.0625  -0.16666666666666696  0.16666666666666607  0.03054735544058094
8.833333333333334  9.0625  0.16666666666666607  0.5  0.005720495989619569
8.833333333333334  9.0625  0.5  0.833333333333333  0.00013281167812269083
8.833333333333334  9.0625  0.833333333333333  1.166666666666666  0.0
8.833333333333334  9.0625  1.166666666666666  1.5  0.0
8.833333333333334  9.0625  1.5  1.833333333333333  0.0
8.833333333333334  9.0625  1.833333333333333  2.166666666666666  0.0
8.833333333333334  9.0625  2.166666666666666  2.5  0.0
9.0625  9.291666666666666  -5.5  -5.166666666666667  0.0
9.0625  9.291666666666666  -5.166666666666667  -4.833333333333333  0.0
9.0625  9.291666666666666  -4.833333333333333  -4.5  0.0
9.0625  9.291666666666666  -4.5  -4.166666666666667  0.0
9.0625  9.291666666666666  -4.166666666666667  -3.8333333333333335  0.0
9.0625  9.291666666666666  -3.8333333333333335  -3.5  0.0
9.0625  9.291666666666666  -3.5  -3.166666666666667  0.0
9.0625  9.291666666666666  -3.166666666666667  -2.8333333333333335  0.0
9.0625  9.291666666666666  -2.8333333333333335  -2.5  0.0
9.0625  9.291666666666666  -2.5  -2.166666666666667  9.314398395558326e-08
9.0625  9.291666666666666  -2.166666666666667  -1.8333333333333335  2.3285995988883897e-08
9.0625  9.291666666666666  -1.8333333333333335  -1.5  0.0
9.0625  9.291666666666666  -1.5  -1.166666666666667  1.921094669082564e-07
9.0625  9.291666666666666  -1.166666666666667  -0.8333333333333339  3.5045423963248576e-05
9.0625  9.291666666666666  -0.8333333333333339  -0.5  0.00038084828589740204
9.0625  9.291666666666666  -0.5  -0.16666666666666696  0.002596231372286786
9.0625  9.291666666666666  -0.16666666666666696  0.16666666666666607  0.02493986056799742
9.0625  9.291666666666666  0.16666666666666607  0.5  0.032929879584678974
9.0625  9.291666666666666  0.5  0.833333333333333  0.0019868310357595773
9.0625  9.291666666666666  0.833333333333333  1.166666666666666  8.615818515878938e-07
9.0625  9.291666666666666  1.166666666666666  1.5  0.0
9.0625  9.291666666666666  1.5  1.833333333333333  0.0
9.0625  9.291666666666666  1.833333333333333  2.166666666666666  0.0
9.0625  9.291666666666666  2.166666666666666  2.5  0.0
9.291666666666666  9.520833333333332  -5.5  -5.166666666666667  0.0
9.291666666666666  9.520833333333332  -5.166666666666667  -4.833333333333333  0.0
9.291666666666666  9.520833333333332  -4.833333333333333  -4.5  0.0
9.291666666666666  9.520833333333332  -4.5  -4.166666666666667  0.0
9.291666666666666  9.520833333333332  -4.166666666666667  -3.8333333333333335  0.0
9.291666666666666  9.520833333333332  -3.8333333333333335  -3.5  0.0
9.291666666666666  9.520833333333332  -3.5  -3.166666666666667  0.0
9.291666666666666  9.520833333333332  -3.166666666666667  -2.8333333333333335  0.0
9.291666666666666  9.520833333333332  -2.8333333333333335  -2.5  0.0
9.291666666666666  9.520833333333332  -2.5  -2.166666666666667  0.0
9.291666666666666  9.520833333333332  -2.166666666666667  -1.8333333333333335  0.0
9.291666666666666  9.520833333333332  -1.8333333333333335  -1.5  0.0
9.291666666666666  9.520833333333332  -1.5  -1.166666666666667  0.0
9.291666666666666  9.520833333333332  -1.166666666666667  -0.8333333333333339  3.852085886461658e-05
9.291666666666666  9.520833333333332  -0.8333333333333339  -0.5  4.451118133282563e-05
9.291666666666666  9.520833333333332  -0.5  -0.16666666666666696  0.00022540844117264016
9.291666666666666  9.520833333333332  -0.16666666666666696  0.16666666666666607  0.0044358075909121195
9.291666666666666  9.520833333333332  0.16666666666666607  0.5  0.04497396721703013
9.291666666666666  9.520833333333332  0.5  0.833333333333333  0.018207524016171546
9.291666666666666  9.520833333333332  0.833333333333333  1.166666666666666  0.0005596090556045402
9.291666666666666  9.520833333333332  1.166666666666666  1.5  0.0
9.291666666666666  9.520833333333332  1.5  1.833333333333333  0.0
9.291666666666666  9.520833333333332  1.833333333333333  2.166666666666666  0.0
9.291666666666666  9.520833333333332  2.166666666666666  2.5  0.0
9.520833333333332  9.75  -5.5  -5.166666666666667  0.0
9.520833333333332  9.75  -5.166666666666667  -4.833333333333333  0.0
9.520833333333332  9.75  -4.833333333333333  -4.5  0.0
9.520833333333332  9.75  -4.5  -4.166666666666667  0.0
9.520833333333332  9.75  -4.166666666666667  -3.8333333333333335  0.0
9.520833333333332  9.75  -3.8333333333333335  -3.5  0.0
9.520833333333332  9.75  -3.5  -3.166666666666667  0.0
9.520833333333332  9.75  -3.166666666666667  -2.8333333333333335  0.0
9.520833333333332  9.75  -2.8333333333333335  -2.5  0.0
9.520833333333332  9.75  -2.5  -2.166666666666667  0.0
9.520833333333332  9.75  -2.166666666666667  -1.8333333333333335  0.0
9.520833333333332  9.75  -1.8333333333333335  -1.5  7.4689832134374535e-06
9.520833333333332  9.75  -1.5  -1.166666666666667  0.0
9.520833333333332  9.75  -1.166666666666667  -0.8333333333333339  5.7661947567398016e-05
9.520833333333332  9.75  -0.8333333333333339  -0.5  0.0
9.520833333333332  9.75  -0.5  -0.16666666666666696  0.00011988212884978387
9.520833333333332  9.75  -0.16666666666666696  0.16666666666666607  0.00042198881931064443
9.520833333333332  9.75  0.16666666666666607  0.5  0.01027828144902113
9.520833333333332  9.75  0.5  0.833333333333333  0.05172450177471954
9.520833333333332  9.75  0.833333333333333  1.166666666666666  0.0068478700209234295
9.520833333333332  9.75  1.166666666666666  1.5  0.00010653925314808872
9.520833333333332  9.75  1.5  1.833333333333333  0.0
9.520833333333332  9.75  1.833333333333333  2.166666666666666  0.0
9.520833333333332  9.75  2.166666666666666  2.5  0.0
9.75  9.979166666666666  -5.5  -5.166666666666667  0.0
9.75  9.979166666666666  -5.166666666666667  -4.833333333333333  0.0
9.75  9.979166666666666  -4.833333333333333  -4.5  0.0
9.75  9.979166666666666  -4.5  -4.166666666666667  0.0
9.75  9.979166666666666  -4.166666666666667  -3.8333333333333335  0.0
9.75  9.979166666666666  -3.8333333333333335  -3.5  0.0
9.75  9.979166666666666  -3.5  -3.166666666666667  0.0
9.75  9.979166666666666  -3.166666666666667  -2.8333333333333335  0.0
9.75  9.979166666666666  -2.8333333333333335  -2.5  0.0
9.75  9.979166666666666  -2.5  -2.166666666666667  0.0
9.75  9.979166666666666  -2.166666666666667  -1.8333333333333335  7.63489593486667e-05
9.75  9.979166666666666  -1.8333333333333335  -1.5  4.284041112058885e-05
9.75  9.979166666666666  -1.5  -1.166666666666667  0.00022941945398168134
9.75  9.979166666666666  -1.166666666666667  -0.8333333333333339  2.6220031483461054e-05
9.75  9.979166666666666  -0.8333333333333339  -0.5  0.00046111511407105464
9.75  9.979166666666666  -0.5  -0.16666666666666696  0.0002682721382890705
9.75  9.979166666666666  -0.16666666666666696  0.16666666666666607  0.00043118096622736735
9.75  9.979166666666666  0.16666666666666607  0.5  0.0018138160855618588
9.75  9.979166666666666  0.5  0.833333333333333  0.023755307773540436
9.75  9.979166666666666  0.833333333333333  1.166666666666666  0.04015509917060225
9.75  9.979166666666666  1.166666666666666  1.5  0.003327953045745807
9.75  9.979166666666666  1.5  1.833333333333333  0.00013788802524825435
9.75  9.979166666666666  1.833333333333333  2.166666666666666  0.0
9.75  9.979166666666666  2.166666666666666  2.5  0.0
9.979166666666666  10.208333333333332  -5.5  -5.166666666666667  0.0
9.979166666666666  10.208333333333332  -5.166666666666667  -4.833333333333333  0.0
9.979166666666666  10.208333333333332  -4.833333333333333  -4.5  0.0
9.979166666666666  10.208333333333332  -4.5  -4.166666666666667  0.0
9.979166666666666  10.208333333333332  -4.166666666666667  -3.8333333333333335  0.0
9.979166666666666  10.208333333333332  -3.8333333333333335  -3.5  0.0
9.979166666666666  10.208333333333332  -3.5  -3.166666666666667  0.0
9.979166666666666  10.208333333333332  -3.166666666666667  -2.8333333333333335  0.0
9.979166666666666  10.208333333333332  -2.8333333333333335  -2.5  0.0
9.979166666666666  10.208333333333332  -2.5  -2.166666666666667  8.321250666624378e-05
9.979166666666666  10.208333333333332  -2.166666666666667  -1.8333333333333335  4.734042984544849e-05
9.979166666666666  10.208333333333332  -1.8333333333333335  -1.5  0.0
9.979166666666666  10.208333333333332  -1.5  -1.166666666666667  4.59490915849786e-05
9.979166666666666  10.208333333333332  -1.166666666666667  -0.8333333333333339  0.0004954270291604563
9.979166666666666  10.208333333333332  -0.8333333333333339  -0.5  0.0007600781950730004
9.979166666666666  10.208333333333332  -0.5  -0.16666666666666696  0.0020093078433875973
9.979166666666666  10.208333333333332  -0.16666666666666696  0.16666666666666607  0.0017012108304582942
9.979166666666666  10.208333333333332  0.16666666666666607  0.5  0.005635705856723942
9.979166666666666  10.208333333333332  0.5  0.833333333333333  0.014877207441833887
9.979166666666666  10.208333333333332  0.833333333333333  1.166666666666666  0.042420011570463614
9.979166666666666  10.208333333333332  1.166666666666666  1.5  0.02694293358595724
9.979166666666666  10.208333333333332  1.5  1.833333333333333  0.0010346724812730433
9.979166666666666  10.208333333333332  1.833333333333333  2.166666666666666  0.0
9.979166666666666  10.208333333333332  2.166666666666666  2.5  0.0
10.208333333333332  10.4375  -5.5  -5.166666666666667  0.0
10.208333333333332  10.4375  -5.166666666666667  -4.833333333333333  0.0
10.208333333333332  10.4375  -4.833333333333333  -4.5  0.0
10.208333333333332  10.4375  -4.5  -4.166666666666667  0.0
10.208333333333332  10.4375  -4.166666666666667  -3.8333333333333335  0.0
10.208333333333332  10.4375  -3.8333333333333335  -3.5  0.0
10.208333333333332  10.4375  -3.5  -3.166666666666667  0.0
10.208333333333332  10.4375  -3.166666666666667  -2.8333333333333335  0.0
10.208333333333332  10.4375  -2.8333333333333335  -2.5  0.0
10.208333333333332  10.4375  -2.5  -2.166666666666667  0.0
10.208333333333332  10.4375  -2.166666666666667  -1.8333333333333335  0.0
10.208333333333332  10.4375  -1.8333333333333335  -1.5  0.0
10.208333333333332  10.4375  -1.5  -1.166666666666667  6.50843587889617e-05
10.208333333333332  10.4375  -1.166666666666667  -0.8333333333333339  0.00032754664107857717
10.208333333333332  10.4375  -0.8333333333333339  -0.5  0.0011995547973704223
10.208333333333332  10.4375  -0.5  -0.16666666666666696  0.0011997643713353798
10.208333333333332  10.4375  -0.16666666666666696  0.16666666666666607  0.0023738384675961494
10.208333333333332  10.4375  0.16666666666666607  0.5  0.0029200697185043385
10.208333333333332  10.4375  0.5  0.833333333333333  0.00929091446859959
10.208333333333332  10.4375  0.833333333333333  1.166666666666666  0.032850084297929565
10.208333333333332  10.4375  1.166666666666666  1.5  0.03817740788826669
10.208333333333332  10.4375  1.5  1.833333333333333  0.005970057830129039
10.208333333333332  10.4375  1.833333333333333  2.166666666666666  0.0
10.208333333333332  10.4375  2.166666666666666  2.5  0.0
10.4375  10.666666666666666  -5.5  -5.166666666666667  0.0
10.4375  10.666666666666666  -5.166666666666667  -4.833333333333333  0.0
10.4375  10.666666666666666  -4.833333333333333  -4.5  0.0
10.4375  10.666666666666666  -4.5  -4.166666666666667  0.0
10.4375  10.666666666666666  -4.166666666666667  -3.8333333333333335  0.0
10.4375  10.666666666666666  -3.8333333333333335  -3.5  0.0
10.4375  10.666666666666666  -3.5  -3.166666666666667  0.0
10.4375  10.666666666666666  -3.166666666666667  -2.8333333333333335  0.0
10.4375  10.666666666666666  -2.8333333333333335  -2.5  0.0
10.4375  10.666666666666666  -2.5  -2.166666666666667  0.0
10.4375  10.666666666666666  -2.166666666666667  -1.8333333333333335  0.0
10.4375  10.666666666666666  -1.8333333333333335  -1.5  0.0
10.4375  10.666666666666666  -1.5  -1.166666666666667  0.0
10.4375  10.666666666666666  -1.166666666666667  -0.8333333333333339  0.0
10.4375  10.666666666666666  -0.8333333333333339  -0.5  0.00041772748204461446
10.4375  10.666666666666666  -0.5  -0.16666666666666696  0.0015785634895841417
10.4375  10.666666666666666  -0.16666666666666696  0.16666666666666607  0.0023542549449680453
10.4375  10.666666666666666  0.16666666666666607  0.5  0.004374513027966029
10.4375  10.666666666666666  0.5  0.833333333333333  0.007291800069957292
10.4375  10.666666666666666  0.833333333333333  1.166666666666666  0.026528000423432535
10.4375  10.666666666666666  1.166666666666666  1.5  0.0358081625833821
10.4375  10.666666666666666  1.5  1.833333333333333  0.017550695927307642
10.4375  10.666666666666666  1.833333333333333  2.166666666666666  0.0016255895584864446
10.4375  10.666666666666666  2.166666666666666  2.5  0.0
10.666666666666666  10.895833333333332  -5.5  -5.166666666666667  0.0
10.666666666666666  10.895833333333332  -5.166666666666667  -4.833333333333333  0.0
10.666666666666666  10.895833333333332  -4.833333333333333  -4.5  0.0
10.666666666666666  10.895833333333332  -4.5  -4.166666666666667  0.0
10.666666666666666  10.895833333333332  -4.166666666666667  -3.8333333333333335  0.0
10.666666666666666  10.895833333333332  -3.8333333333333335  -3.5  0.0
10.666666666666666  10.895833333333332  -3.5  -3.166666666666667  0.0
10.666666666666666  10.895833333333332  -3.166666666666667  -2.8333333333333335  0.0
10.666666666666666  10.895833333333332  -2.8333333333333335  -2.5  0.0
10.666666666666666  10.895833333333332  -2.5  -2.166666666666667  0.0
10.666666666666666  10.895833333333332  -2.166666666666667  -1.8333333333333335  0.0
10.666666666666666  10.895833333333332  -1.8333333333333335  -1.5  0.0
10.666666666666666  10.895833333333332  -1.5  -1.166666666666667  0.0
10.666666666666666  10.895833333333332  -1.166666666666667  -0.8333333333333339  0.0
10.666666666666666  10.895833333333332  -0.8333333333333339  -0.5  0.00021548278538209423
10.666666666666666  10.895833333333332  -0.5  -0.16666666666666696  0.0003454943224865381
10.666666666666666  10.895833333333332  -0.16666666666666696  0.16666666666666607  0.00039494795646783434
10.666666666666666  10.895833333333332  0.16666666666666607  0.5  0.0017495642011285696
10.666666666666666  10.895833333333332  0.5  0.833333333333333  0.0016486135870207525
10.666666666666666  10.895833333333332  0.833333333333333  1.166666666666666  0.01091365731407403
10.666666666666666  10.895833333333332  1.166666666666666  1.5  0.025432033379216266
10.666666666666666  10.895833333333332  1.5  1.833333333333333  0.022949169878405975
10.666666666666666  10.895833333333332  1.833333333333333  2.166666666666666  0.0016833388285357456
10.666666666666666  10.895833333333332  2.166666666666666  2.5  0.0
10.895833333333332  11.125  -5.5  -5.166666666666667  0.0
10.895833333333332  11.125  -5.166666666666667  -4.833333333333333  0.0
10.895833333333332  11.125  -4.833333333333333  -4.5  0.0
10.895833333333332  11.125  -4.5  -4.166666666666667  0.0
10.895833333333332  11.125  -4.166666666666667  -3.8333333333333335  0.0
10.895833333333332  11.125  -3.8333333333333335  -3.5  0.0
10.895833333333332  11.125  -3.5  -3.166666666666667  0.0
10.895833333333332  11.125  -3.166666666666667  -2.8333333333333335  0.0
10.895833333333332  11.125  -2.8333333333333335  -2.5  0.0
10.895833333333332  11.125  -2.5  -2.166666666666667  0.0
10.895833333333332  11.125  -2.166666666666667  -1.8333333333333335  0.0
10.895833333333332  11.125  -1.8333333333333335  -1.5  0.0
10.895833333333332  11.125  -1.5  -1.166666666666667  0.0
10.895833333333332  11.125  -1.166666666666667  -0.8333333333333339  0.0
10.895833333333332  11.125  -0.8333333333333339  -0.5  0.0
10.895833333333332  11.125  -0.5  -0.16666666666666696  0.0
10.895833333333332  11.125  -0.16666666666666696  0.16666666666666607  0.0
10.895833333333332  11.125  0.16666666666666607  0.5  0.0014652363686055091
10.895833333333332  11.125  0.5  0.833333333333333  0.0
10.895833333333332  11.125  0.833333333333333  1.166666666666666  0.010456425139835888
10.895833333333332  11.125  1.166666666666666  1.5  0.010808177573743572
10.895833333333332  11.125  1.5  1.833333333333333  0.02311565892822572
10.895833333333332  11.125  1.833333333333333  2.166666666666666  0.003960080514356111
10.895833333333332  11.125  2.166666666666666  2.5  0.0
11.125  11.354166666666666  -5.5  -5.166666666666667  0.0
11.125  11.354166666666666  -5.166666666666667  -4.833333333333333  0.0
11.125  11.354166666666666  -4.833333333333333  -4.5  0.0
11.125  11.354166666666666  -4.5  -4.166666666666667  0.0
11.125  11.354166666666666  -4.166666666666667  -3.8333333333333335  0.0
11.125  11.354166666666666  -3.8333333333333335  -3.5  0.0
11.125  11.354166666666666  -3.5  -3.166666666666667  0.0
11.125  11.354166666666666  -3.166666666666667  -2.8333333333333335  0.0
11.125  11.354166666666666  -2.8333333333333335  -2.5  0.0
11.125  11.354166666666666  -2.5  -2.166666666666667  0.0
11.125  11.354166666666666  -2.166666666666667  -1.8333333333333335  0.0
11.125  11.354166666666666  -1.8333333333333335  -1.5  0.0
11.125  11.354166666666666  -1.5  -1.166666666666667  0.0
11.125  11.354166666666666  -1.166666666666667  -0.8333333333333339  0.0
11.125  11.354166666666666  -0.8333333333333339  -0.5  0.0
11.125  11.354166666666666  -0.5  -0.16666666666666696  0.0
11.125  11.354166666666666  -0.16666666666666696  0.16666666666666607  0.0
11.125  11.354166666666666  0.16666666666666607  0.5  0.0
11.125  11.354166666666666  0.5  0.833333333333333  0.0
11.125  11.354166666666666  0.833333333333333  1.166666666666666  0.0
11.125  11.354166666666666  1.166666666666666  1.5  0.003389695864109818
11.125  11.354166666666666  1.5  1.833333333333333  0.014258056094495543
11.125  11.354166666666666  1.833333333333333  2.166666666666666  0.01023668683868408
11.125  11.354166666666666  2.166666666666666  2.5  0.0
11.354166666666666  11.583333333333332  -5.5  -5.166666666666667  0.0
11.354166666666666  11.583333333333332  -5.166666666666667  -4.833333333333333  0.0
11.354166666666666  11.583333333333332  -4.833333333333333  -4.5  0.0
11.354166666666666  11.583333333333332  -4.5  -4.166666666666667  0.0
11.354166666666666  11.583333333333332  -4.166666666666667  -3.8333333333333335  0.0
11.354166666666666  11.583333333333332  -3.8333333333333335  -3.5  0.0
11.354166666666666  11.583333333333332  -3.5  -3.166666666666667  0.0
11.354166666666666  11.583333333333332  -3.166666666666667  -2.8333333333333335  0.0
11.354166666666666  11.583333333333332  -2.8333333333333335  -2.5  0.0
11.354166666666666  11.583333333333332  -2.5  -2.166666666666667  0.0
11.354166666666666  11.583333333333332  -2.166666666666667  -1.8333333333333335  0.0
11.354166666666666  11.583333333333332  -1.8333333333333335  -1.5  0.0
11.354166666666666  11.583333333333332  -1.5  -1.166666666666667  0.0
11.354166666666666  11.583333333333332  -1.166666666666667  -0.8333333333333339  0.0
11.354166666666666  11.583333333333332  -0.8333333333333339  -0.5  0.0
11.354166666666666  11.583333333333332  -0.5  -0.16666666666666696  0.0
11.354166666666666  11.583333333333332  -0.16666666666666696  0.16666666666666607  0.0
11.354166666666666  11.583333333333332  0.16666666666666607  0.5  0.0
11.354166666666666  11.583333333333332  0.5  0.833333333333333  0.0
11.354166666666666  11.583333333333332  0.833333333333333  1.166666666666666  0.0
11.354166666666666  11.583333333333332  1.166666666666666  1.5  0.0
11.354166666666666  11.583333333333332  1.5  1.833333333333333  0.0
11.354166666666666  11.583333333333332  1.833333333333333  2.166666666666666  0.0
11.354166666666666  11.583333333333332  2.166666666666666  2.5  0.005393752715413697
11.583333333333332  11.8125  -5.5  -5.166666666666667  0.0
11.583333333333332  11.8125  -5.166666666666667  -4.833333333333333  0.0
11.583333333333332  11.8125  -4.833333333333333  -4.5  0.0
11.583333333333332  11.8125  -4.5  -4.166666666666667  0.0
11.583333333333332  11.8125  -4.166666666666667  -3.8333333333333335  0.0
11.583333333333332  11.8125  -3.8333333333333335  -3.5  0.0
11.583333333333332  11.8125  -3.5  -3.166666666666667  0.0
11.583333333333332  11.8125  -3.166666666666667  -2.8333333333333335  0.0
11.583333333333332  11.8125  -2.8333333333333335  -2.5  0.0
11.583333333333332  11.8125  -2.5  -2.166666666666667  0.0
11.583333333333332  11.8125  -2.166666666666667  -1.8333333333333335  0.0
11.583333333333332  11.8125  -1.8333333333333335  -1.5  0.0
11.583333333333332  11.8125  -1.5  -1.166666666666667  0.0
11.583333333333332  11.8125  -1.166666666666667  -0.8333333333333339  0.0
11.583333333333332  11.8125  -0.8333333333333339  -0.5  0.0
11.583333333333332  11.8125  -0.5  -0.16666666666666696  0.0
11.583333333333332  11.8125  -0.16666666666666696  0.16666666666666607  0.0
11.583333333333332  11.8125  0.16666666666666607  0.5  0.0
11.583333333333332  11.8125  0.5  0.833333333333333  0.0
11.583333333333332  11.8125  0.833333333333333  1.166666666666666  0.0
11.583333333333332  11.8125  1.166666666666666  1.5  0.0
11.583333333333332  11.8125  1.5  1.833333333333333  0.0
11.583333333333332  11.8125  1.833333333333333  2.166666666666666  0.0
11.583333333333332  11.8125  2.166666666666666  2.5  0.0
11.8125  12.041666666666666  -5.5  -5.166666666666667  0.0
11.8125  12.041666666666666  -5.166666666666667  -4.833333333333333  0.0
11.8125  12.041666666666666  -4.833333333333333  -4.5  0.0
11.8125  12.041666666666666  -4.5  -4.166666666666667  0.0
11.8125  12.041666666666666  -4.166666666666667  -3.8333333333333335  0.0
11.8125  12.041666666666666  -3.8333333333333335  -3.5  0.0
11.8125  12.041666666666666  -3.5  -3.166666666666667  0.0
11.8125  12.041666666666666  -3.166666666666667  -2.8333333333333335  0.0
11.8125  12.041666666666666  -2.8333333333333335  -2.5  0.0
11.8125  12.041666666666666  -2.5  -2.166666666666667  0.0
11.8125  12.041666666666666  -2.166666666666667  -1.8333333333333335  0.0
11.8125  12.041666666666666  -1.8333333333333335  -1.5  0.0
11.8125  12.041666666666666  -1.5  -1.166666666666667  0.0
11.8125  12.041666666666666  -1.166666666666667  -0.8333333333333339  0.0
11.8125  12.041666666666666  -0.8333333333333339  -0.5  0.0
11.8125  12.041666666666666  -0.5  -0.16666666666666696  0.0
11.8125  12.041666666666666  -0.16666666666666696  0.16666666666666607  0.0
11.8125  12.041666666666666  0.16666666666666607  0.5  0.0
11.8125  12.041666666666666  0.5  0.833333333333333  0.0
11.8125  12.041666666666666  0.833333333333333  1.166666666666666  0.0
11.8125  12.041666666666666  1.166666666666666  1.5  0.0
11.8125  12.041666666666666  1.5  1.833333333333333  0.0
11.8125  12.041666666666666  1.833333333333333  2.166666666666666  0.0
11.8125  12.041666666666666  2.166666666666666  2.5  0.0
12.041666666666666  12.270833333333332  -5.5  -5.166666666666667  0.0
12.041666666666666  12.270833333333332  -5.166666666666667  -4.833333333333333  0.0
12.041666666666666  12.270833333333332  -4.833333333333333  -4.5  0.0
12.041666666666666  12.270833333333332  -4.5  -4.166666666666667  0.0
12.041666666666666  12.270833333333332  -4.166666666666667  -3.8333333333333335  0.0
12.041666666666666  12.270833333333332  -3.8333333333333335  -3.5  0.0
12.041666666666666  12.270833333333332  -3.5  -3.166666666666667  0.0
12.041666666666666  12.270833333333332  -3.166666666666667  -2.8333333333333335  0.0
12.041666666666666  12.270833333333332  -2.8333333333333335  -2.5  0.0
12.041666666666666  12.270833333333332  -2.5  -2.166666666666667  0.0
12.041666666666666  12.270833333333332  -2.166666666666667  -1.8333333333333335  0.0
12.041666666666666  12.270833333333332  -1.8333333333333335  -1.5  0.0
12.041666666666666  12.270833333333332  -1.5  -1.166666666666667  0.0
12.041666666666666  12.270833333333332  -1.166666666666667  -0.8333333333333339  0.0
12.041666666666666  12.270833333333332  -0.8333333333333339  -0.5  0.0
12.041666666666666  12.270833333333332  -0.5  -0.16666666666666696  0.0
12.041666666666666  12.270833333333332  -0.16666666666666696  0.16666666666666607  0.0
12.041666666666666  12.270833333333332  0.16666666666666607  0.5  0.0
12.041666666666666  12.270833333333332  0.5  0.833333333333333  0.0
12.041666666666666  12.270833333333332  0.833333333333333  1.166666666666666  0.0
12.041666666666666  12.270833333333332  1.166666666666666  1.5  0.0
12.041666666666666  12.270833333333332  1.5  1.833333333333333  0.0
12.041666666666666  12.270833333333332  1.833333333333333  2.166666666666666  0.0
12.041666666666666  12.270833333333332  2.166666666666666  2.5  0.0
12.270833333333332  12.5  -5.5  -5.166666666666667  0.0
12.270833333333332  12.5  -5.166666666666667  -4.833333333333333  0.0
12.270833333333332  12.5  -4.833333333333333  -4.5  0.0
12.270833333333332  12.5  -4.5  -4.166666666666667  0.0
12.270833333333332  12.5  -4.166666666666667  -3.8333333333333335  0.0
12.270833333333332  12.5  -3.8333333333333335  -3.5  0.0
12.270833333333332  12.5  -3.5  -3.166666666666667  0.0
12.270833333333332  12.5  -3.166666666666667  -2.8333333333333335  0.0
12.270833333333332  12.5  -2.8333333333333335  -2.5  0.0
12.270833333333332  12.5  -2.5  -2.166666666666667  0.0
12.270833333333332  12.5  -2.166666666666667  -1.8333333333333335  0.0
12.270833333333332  12.5  -1.8333333333333335  -1.5  0.0
12.270833333333332  12.5  -1.5  -1.166666666666667  0.0
12.270833333333332  12.5  -1.166666666666667  -0.8333333333333339  0.0
12.270833333333332  12.5  -0.8333333333333339  -0.5  0.0
12.270833333333332  12.5  -0.5  -0.16666666666666696  0.0
12.270833333333332  12.5  -0.16666666666666696  0.16666666666666607  0.0
12.270833333333332  12.5  0.16666666666666607  0.5  0.0
12.270833333333332  12.5  0.5  0.833333333333333  0.0
12.270833333333332  12.5  0.833333333333333  1.166666666666666  0.0
12.270833333333332  12.5  1.166666666666666  1.5  0.0
12.270833333333332  12.5  1.5  1.833333333333333  0.0
12.270833333333332  12.5  1.833333333333333  2.166666666666666  0.0
12.270833333333332  12.5  2.166666666666666  2.5  0.0
