#logMsmin    logMsmax    logSFRmin    logSFRmax    Prob
7.0  7.229166666666667  -5.5  -5.166666666666667  0.0
7.0  7.229166666666667  -5.166666666666667  -4.833333333333333  0.0
7.0  7.229166666666667  -4.833333333333333  -4.5  0.0
7.0  7.229166666666667  -4.5  -4.166666666666667  0.0
7.0  7.229166666666667  -4.166666666666667  -3.8333333333333335  0.0
7.0  7.229166666666667  -3.8333333333333335  -3.5  0.0
7.0  7.229166666666667  -3.5  -3.166666666666667  3.406257588833319e-05
7.0  7.229166666666667  -3.166666666666667  -2.8333333333333335  0.013329185138028991
7.0  7.229166666666667  -2.8333333333333335  -2.5  0.014531652795466659
7.0  7.229166666666667  -2.5  -2.166666666666667  0.016924108287278913
7.0  7.229166666666667  -2.166666666666667  -1.8333333333333335  0.020852756587365642
7.0  7.229166666666667  -1.8333333333333335  -1.5  0.02749701438586062
7.0  7.229166666666667  -1.5  -1.166666666666667  0.03051360785224783
7.0  7.229166666666667  -1.166666666666667  -0.8333333333333339  0.024430207984328677
7.0  7.229166666666667  -0.8333333333333339  -0.5  0.007733232476787665
7.0  7.229166666666667  -0.5  -0.16666666666666696  0.0005941863992245538
7.0  7.229166666666667  -0.16666666666666696  0.16666666666666607  1.89399667655044e-05
7.0  7.229166666666667  0.16666666666666607  0.5  0.0
7.0  7.229166666666667  0.5  0.833333333333333  0.0
7.0  7.229166666666667  0.833333333333333  1.166666666666666  0.0
7.0  7.229166666666667  1.166666666666666  1.5  0.0
7.0  7.229166666666667  1.5  1.833333333333333  0.0
7.0  7.229166666666667  1.833333333333333  2.166666666666666  0.0
7.0  7.229166666666667  2.166666666666666  2.5  0.0
7.229166666666667  7.458333333333333  -5.5  -5.166666666666667  0.0
7.229166666666667  7.458333333333333  -5.166666666666667  -4.833333333333333  0.0
7.229166666666667  7.458333333333333  -4.833333333333333  -4.5  0.0
7.229166666666667  7.458333333333333  -4.5  -4.166666666666667  0.0
7.229166666666667  7.458333333333333  -4.166666666666667  -3.8333333333333335  0.0
7.229166666666667  7.458333333333333  -3.8333333333333335  -3.5  0.0
7.229166666666667  7.458333333333333  -3.5  -3.166666666666667  5.960950780460435e-05
7.229166666666667  7.458333333333333  -3.166666666666667  -2.8333333333333335  0.008451923463740976
7.229166666666667  7.458333333333333  -2.8333333333333335  -2.5  0.009905308975460408
7.229166666666667  7.458333333333333  -2.5  -2.166666666666667  0.012119523229648621
7.229166666666667  7.458333333333333  -2.166666666666667  -1.8333333333333335  0.017193672465428737
7.229166666666667  7.458333333333333  -1.8333333333333335  -1.5  0.023194118215345727
7.229166666666667  7.458333333333333  -1.5  -1.166666666666667  0.03340584355235131
7.229166666666667  7.458333333333333  -1.166666666666667  -0.8333333333333339  0.03187244035158645
7.229166666666667  7.458333333333333  -0.8333333333333339  -0.5  0.014644411667373349
7.229166666666667  7.458333333333333  -0.5  -0.16666666666666696  0.0019028059634173607
7.229166666666667  7.458333333333333  -0.16666666666666696  0.16666666666666607  6.254593676050191e-05
7.229166666666667  7.458333333333333  0.16666666666666607  0.5  1.0277501345610436e-06
7.229166666666667  7.458333333333333  0.5  0.833333333333333  2.9364289558856565e-07
7.229166666666667  7.458333333333333  0.833333333333333  1.166666666666666  0.0
7.229166666666667  7.458333333333333  1.166666666666666  1.5  0.0
7.229166666666667  7.458333333333333  1.5  1.833333333333333  0.0
7.229166666666667  7.458333333333333  1.833333333333333  2.166666666666666  0.0
7.229166666666667  7.458333333333333  2.166666666666666  2.5  0.0
7.458333333333333  7.6875  -5.5  -5.166666666666667  0.0
7.458333333333333  7.6875  -5.166666666666667  -4.833333333333333  0.0
7.458333333333333  7.6875  -4.833333333333333  -4.5  0.0
7.458333333333333  7.6875  -4.5  -4.166666666666667  0.0
7.458333333333333  7.6875  -4.166666666666667  -3.8333333333333335  0.0
7.458333333333333  7.6875  -3.8333333333333335  -3.5  0.0
7.458333333333333  7.6875  -3.5  -3.166666666666667  0.0
7.458333333333333  7.6875  -3.166666666666667  -2.8333333333333335  0.0034404669861706517
7.458333333333333  7.6875  -2.8333333333333335  -2.5  0.003936723479714412
7.458333333333333  7.6875  -2.5  -2.166666666666667  0.005053300590193396
7.458333333333333  7.6875  -2.166666666666667  -1.8333333333333335  0.007900755748720664
7.458333333333333  7.6875  -1.8333333333333335  -1.5  0.01434034444898733
7.458333333333333  7.6875  -1.5  -1.166666666666667  0.024055813292449393
7.458333333333333  7.6875  -1.166666666666667  -0.8333333333333339  0.03632920539938983
7.458333333333333  7.6875  -0.8333333333333339  -0.5  0.02840877557666193
7.458333333333333  7.6875  -0.5  -0.16666666666666696  0.006796658461305341
7.458333333333333  7.6875  -0.16666666666666696  0.16666666666666607  0.00035589518945395774
7.458333333333333  7.6875  0.16666666666666607  0.5  2.642786060303474e-06
7.458333333333333  7.6875  0.5  0.833333333333333  0.0
7.458333333333333  7.6875  0.833333333333333  1.166666666666666  0.0
7.458333333333333  7.6875  1.166666666666666  1.5  0.0
7.458333333333333  7.6875  1.5  1.833333333333333  0.0
7.458333333333333  7.6875  1.833333333333333  2.166666666666666  0.0
7.458333333333333  7.6875  2.166666666666666  2.5  0.0
7.6875  7.916666666666667  -5.5  -5.166666666666667  0.0
7.6875  7.916666666666667  -5.166666666666667  -4.833333333333333  0.0
7.6875  7.916666666666667  -4.833333333333333  -4.5  0.0
7.6875  7.916666666666667  -4.5  -4.166666666666667  0.0
7.6875  7.916666666666667  -4.166666666666667  -3.8333333333333335  0.0
7.6875  7.916666666666667  -3.8333333333333335  -3.5  0.0
7.6875  7.916666666666667  -3.5  -3.166666666666667  0.0
7.6875  7.916666666666667  -3.166666666666667  -2.8333333333333335  0.000607400329526098
7.6875  7.916666666666667  -2.8333333333333335  -2.5  0.0008564095049859548
7.6875  7.916666666666667  -2.5  -2.166666666666667  0.0017737499108062338
7.6875  7.916666666666667  -2.166666666666667  -1.8333333333333335  0.002912056595556934
7.6875  7.916666666666667  -1.8333333333333335  -1.5  0.0051546073891719614
7.6875  7.916666666666667  -1.5  -1.166666666666667  0.011581422623480643
7.6875  7.916666666666667  -1.166666666666667  -0.8333333333333339  0.02678830725735363
7.6875  7.916666666666667  -0.8333333333333339  -0.5  0.03662769340275545
7.6875  7.916666666666667  -0.5  -0.16666666666666696  0.0218474718961706
7.6875  7.916666666666667  -0.16666666666666696  0.16666666666666607  0.002099840346357414
7.6875  7.916666666666667  0.16666666666666607  0.5  1.600353780959704e-05
7.6875  7.916666666666667  0.5  0.833333333333333  1.468214477944956e-07
7.6875  7.916666666666667  0.833333333333333  1.166666666666666  0.0
7.6875  7.916666666666667  1.166666666666666  1.5  0.0
7.6875  7.916666666666667  1.5  1.833333333333333  0.0
7.6875  7.916666666666667  1.833333333333333  2.166666666666666  0.0
7.6875  7.916666666666667  2.166666666666666  2.5  0.0
7.916666666666667  8.145833333333334  -5.5  -5.166666666666667  0.0
7.916666666666667  8.145833333333334  -5.166666666666667  -4.833333333333333  0.0
7.916666666666667  8.145833333333334  -4.833333333333333  -4.5  0.0
7.916666666666667  8.145833333333334  -4.5  -4.166666666666667  0.0
7.916666666666667  8.145833333333334  -4.166666666666667  -3.8333333333333335  0.0
7.916666666666667  8.145833333333334  -3.8333333333333335  -3.5  0.0
7.916666666666667  8.145833333333334  -3.5  -3.166666666666667  0.0
7.916666666666667  8.145833333333334  -3.166666666666667  -2.8333333333333335  8.985472605026705e-05
7.916666666666667  8.145833333333334  -2.8333333333333335  -2.5  0.0001460873405555614
7.916666666666667  8.145833333333334  -2.5  -2.166666666666667  0.00026354449879141317
7.916666666666667  8.145833333333334  -2.166666666666667  -1.8333333333333335  0.0004124214468545841
7.916666666666667  8.145833333333334  -1.8333333333333335  -1.5  0.0014624884414816736
7.916666666666667  8.145833333333334  -1.5  -1.166666666666667  0.002879021769804067
7.916666666666667  8.145833333333334  -1.166666666666667  -0.8333333333333339  0.00947482849052542
7.916666666666667  8.145833333333334  -0.8333333333333339  -0.5  0.026414206208374688
7.916666666666667  8.145833333333334  -0.5  -0.16666666666666696  0.03713070368289939
7.916666666666667  8.145833333333334  -0.16666666666666696  0.16666666666666607  0.013172967117575336
7.916666666666667  8.145833333333334  0.16666666666666607  0.5  0.0005335491412855174
7.916666666666667  8.145833333333334  0.5  0.833333333333333  6.166500807362006e-06
7.916666666666667  8.145833333333334  0.833333333333333  1.166666666666666  1.3213930301517367e-06
7.916666666666667  8.145833333333334  1.166666666666666  1.5  0.0
7.916666666666667  8.145833333333334  1.5  1.833333333333333  0.0
7.916666666666667  8.145833333333334  1.833333333333333  2.166666666666666  0.0
7.916666666666667  8.145833333333334  2.166666666666666  2.5  0.0
8.145833333333334  8.375  -5.5  -5.166666666666667  0.0
8.145833333333334  8.375  -5.166666666666667  -4.833333333333333  0.0
8.145833333333334  8.375  -4.833333333333333  -4.5  0.0
8.145833333333334  8.375  -4.5  -4.166666666666667  0.0
8.145833333333334  8.375  -4.166666666666667  -3.8333333333333335  0.0
8.145833333333334  8.375  -3.8333333333333335  -3.5  0.0
8.145833333333334  8.375  -3.5  -3.166666666666667  0.0
8.145833333333334  8.375  -3.166666666666667  -2.8333333333333335  5.314936410164314e-05
8.145833333333334  8.375  -2.8333333333333335  -2.5  7.972404615246471e-05
8.145833333333334  8.375  -2.5  -2.166666666666667  0.0
8.145833333333334  8.375  -2.166666666666667  -1.8333333333333335  5.153432817586029e-05
8.145833333333334  8.375  -1.8333333333333335  -1.5  5.403029278849181e-05
8.145833333333334  8.375  -1.5  -1.166666666666667  0.0007865224958353997
8.145833333333334  8.375  -1.166666666666667  -0.8333333333333339  0.0022525346520637654
8.145833333333334  8.375  -0.8333333333333339  -0.5  0.008264138832012064
8.145833333333334  8.375  -0.5  -0.16666666666666696  0.030610656829239184
8.145833333333334  8.375  -0.16666666666666696  0.16666666666666607  0.03282340286895002
8.145833333333334  8.375  0.16666666666666607  0.5  0.0046689220398667035
8.145833333333334  8.375  0.5  0.833333333333333  0.0
8.145833333333334  8.375  0.833333333333333  1.166666666666666  0.0
8.145833333333334  8.375  1.166666666666666  1.5  0.0
8.145833333333334  8.375  1.5  1.833333333333333  0.0
8.145833333333334  8.375  1.833333333333333  2.166666666666666  0.0
8.145833333333334  8.375  2.166666666666666  2.5  0.0
8.375  8.604166666666666  -5.5  -5.166666666666667  0.0
8.375  8.604166666666666  -5.166666666666667  -4.833333333333333  0.0
8.375  8.604166666666666  -4.833333333333333  -4.5  0.0
8.375  8.604166666666666  -4.5  -4.166666666666667  0.0
8.375  8.604166666666666  -4.166666666666667  -3.8333333333333335  0.0
8.375  8.604166666666666  -3.8333333333333335  -3.5  0.0
8.375  8.604166666666666  -3.5  -3.166666666666667  0.0
8.375  8.604166666666666  -3.166666666666667  -2.8333333333333335  0.0
8.375  8.604166666666666  -2.8333333333333335  -2.5  0.0
8.375  8.604166666666666  -2.5  -2.166666666666667  0.0
8.375  8.604166666666666  -2.166666666666667  -1.8333333333333335  0.0
8.375  8.604166666666666  -1.8333333333333335  -1.5  0.0
8.375  8.604166666666666  -1.5  -1.166666666666667  0.0
8.375  8.604166666666666  -1.166666666666667  -0.8333333333333339  0.0002153870639146076
8.375  8.604166666666666  -0.8333333333333339  -0.5  0.0012774934172601962
8.375  8.604166666666666  -0.5  -0.16666666666666696  0.007053742816393224
8.375  8.604166666666666  -0.16666666666666696  0.16666666666666607  0.029798440580039942
8.375  8.604166666666666  0.16666666666666607  0.5  0.025594648886785185
8.375  8.604166666666666  0.5  0.833333333333333  0.0024944963980294073
8.375  8.604166666666666  0.833333333333333  1.166666666666666  0.0
8.375  8.604166666666666  1.166666666666666  1.5  0.0
8.375  8.604166666666666  1.5  1.833333333333333  0.0
8.375  8.604166666666666  1.833333333333333  2.166666666666666  0.0
8.375  8.604166666666666  2.166666666666666  2.5  0.0
8.604166666666666  8.833333333333334  -5.5  -5.166666666666667  0.0
8.604166666666666  8.833333333333334  -5.166666666666667  -4.833333333333333  0.0
8.604166666666666  8.833333333333334  -4.833333333333333  -4.5  0.0
8.604166666666666  8.833333333333334  -4.5  -4.166666666666667  0.0
8.604166666666666  8.833333333333334  -4.166666666666667  -3.8333333333333335  0.0
8.604166666666666  8.833333333333334  -3.8333333333333335  -3.5  0.0
8.604166666666666  8.833333333333334  -3.5  -3.166666666666667  0.0
8.604166666666666  8.833333333333334  -3.166666666666667  -2.8333333333333335  0.0
8.604166666666666  8.833333333333334  -2.8333333333333335  -2.5  0.0
8.604166666666666  8.833333333333334  -2.5  -2.166666666666667  0.0
8.604166666666666  8.833333333333334  -2.166666666666667  -1.8333333333333335  0.0
8.604166666666666  8.833333333333334  -1.8333333333333335  -1.5  0.0
8.604166666666666  8.833333333333334  -1.5  -1.166666666666667  0.00013918673250932478
8.604166666666666  8.833333333333334  -1.166666666666667  -0.8333333333333339  0.0
8.604166666666666  8.833333333333334  -0.8333333333333339  -0.5  0.00015651166334897993
8.604166666666666  8.833333333333334  -0.5  -0.16666666666666696  0.0003677877267253859
8.604166666666666  8.833333333333334  -0.16666666666666696  0.16666666666666607  0.008914851488639193
8.604166666666666  8.833333333333334  0.16666666666666607  0.5  0.031759681479677136
8.604166666666666  8.833333333333334  0.5  0.833333333333333  0.01302086009766168
8.604166666666666  8.833333333333334  0.833333333333333  1.166666666666666  0.001066657818228555
8.604166666666666  8.833333333333334  1.166666666666666  1.5  0.0
8.604166666666666  8.833333333333334  1.5  1.833333333333333  0.0
8.604166666666666  8.833333333333334  1.833333333333333  2.166666666666666  0.0
8.604166666666666  8.833333333333334  2.166666666666666  2.5  0.0
8.833333333333334  9.0625  -5.5  -5.166666666666667  0.0
8.833333333333334  9.0625  -5.166666666666667  -4.833333333333333  0.0
8.833333333333334  9.0625  -4.833333333333333  -4.5  0.0
8.833333333333334  9.0625  -4.5  -4.166666666666667  0.0
8.833333333333334  9.0625  -4.166666666666667  -3.8333333333333335  0.0
8.833333333333334  9.0625  -3.8333333333333335  -3.5  0.0
8.833333333333334  9.0625  -3.5  -3.166666666666667  0.0
8.833333333333334  9.0625  -3.166666666666667  -2.8333333333333335  0.0
8.833333333333334  9.0625  -2.8333333333333335  -2.5  0.0
8.833333333333334  9.0625  -2.5  -2.166666666666667  0.0
8.833333333333334  9.0625  -2.166666666666667  -1.8333333333333335  0.0
8.833333333333334  9.0625  -1.8333333333333335  -1.5  0.0
8.833333333333334  9.0625  -1.5  -1.166666666666667  0.0
8.833333333333334  9.0625  -1.166666666666667  -0.8333333333333339  0.0
8.833333333333334  9.0625  -0.8333333333333339  -0.5  0.0
8.833333333333334  9.0625  -0.5  -0.16666666666666696  0.0
8.833333333333334  9.0625  -0.16666666666666696  0.16666666666666607  0.00042754405597850045
8.833333333333334  9.0625  0.16666666666666607  0.5  0.007735141155609625
8.833333333333334  9.0625  0.5  0.833333333333333  0.020725756035022237
8.833333333333334  9.0625  0.833333333333333  1.166666666666666  0.00821025536066519
8.833333333333334  9.0625  1.166666666666666  1.5  0.0
8.833333333333334  9.0625  1.5  1.833333333333333  0.0
8.833333333333334  9.0625  1.833333333333333  2.166666666666666  0.0
8.833333333333334  9.0625  2.166666666666666  2.5  0.0
9.0625  9.291666666666666  -5.5  -5.166666666666667  0.0
9.0625  9.291666666666666  -5.166666666666667  -4.833333333333333  0.0
9.0625  9.291666666666666  -4.833333333333333  -4.5  0.0
9.0625  9.291666666666666  -4.5  -4.166666666666667  0.0
9.0625  9.291666666666666  -4.166666666666667  -3.8333333333333335  0.0
9.0625  9.291666666666666  -3.8333333333333335  -3.5  0.0
9.0625  9.291666666666666  -3.5  -3.166666666666667  0.0
9.0625  9.291666666666666  -3.166666666666667  -2.8333333333333335  0.0
9.0625  9.291666666666666  -2.8333333333333335  -2.5  0.0
9.0625  9.291666666666666  -2.5  -2.166666666666667  0.0
9.0625  9.291666666666666  -2.166666666666667  -1.8333333333333335  0.0
9.0625  9.291666666666666  -1.8333333333333335  -1.5  0.0
9.0625  9.291666666666666  -1.5  -1.166666666666667  0.0
9.0625  9.291666666666666  -1.166666666666667  -0.8333333333333339  0.0
9.0625  9.291666666666666  -0.8333333333333339  -0.5  0.0
9.0625  9.291666666666666  -0.5  -0.16666666666666696  0.00014300409015191018
9.0625  9.291666666666666  -0.16666666666666696  0.16666666666666607  0.0001891060247594022
9.0625  9.291666666666666  0.16666666666666607  0.5  0.0008443701462656257
9.0625  9.291666666666666  0.5  0.833333333333333  0.004345033926030305
9.0625  9.291666666666666  0.833333333333333  1.166666666666666  0.018342697115873337
9.0625  9.291666666666666  1.166666666666666  1.5  0.006077820652896119
9.0625  9.291666666666666  1.5  1.833333333333333  0.0
9.0625  9.291666666666666  1.833333333333333  2.166666666666666  0.0
9.0625  9.291666666666666  2.166666666666666  2.5  0.0
9.291666666666666  9.520833333333332  -5.5  -5.166666666666667  0.0
9.291666666666666  9.520833333333332  -5.166666666666667  -4.833333333333333  0.0
9.291666666666666  9.520833333333332  -4.833333333333333  -4.5  0.0
9.291666666666666  9.520833333333332  -4.5  -4.166666666666667  0.0
9.291666666666666  9.520833333333332  -4.166666666666667  -3.8333333333333335  0.0
9.291666666666666  9.520833333333332  -3.8333333333333335  -3.5  0.0
9.291666666666666  9.520833333333332  -3.5  -3.166666666666667  0.0
9.291666666666666  9.520833333333332  -3.166666666666667  -2.8333333333333335  0.0
9.291666666666666  9.520833333333332  -2.8333333333333335  -2.5  0.0
9.291666666666666  9.520833333333332  -2.5  -2.166666666666667  0.0
9.291666666666666  9.520833333333332  -2.166666666666667  -1.8333333333333335  0.0
9.291666666666666  9.520833333333332  -1.8333333333333335  -1.5  0.0
9.291666666666666  9.520833333333332  -1.5  -1.166666666666667  0.0
9.291666666666666  9.520833333333332  -1.166666666666667  -0.8333333333333339  0.0
9.291666666666666  9.520833333333332  -0.8333333333333339  -0.5  0.0
9.291666666666666  9.520833333333332  -0.5  -0.16666666666666696  0.0
9.291666666666666  9.520833333333332  -0.16666666666666696  0.16666666666666607  0.0002769052505403557
9.291666666666666  9.520833333333332  0.16666666666666607  0.5  0.0007932762824347856
9.291666666666666  9.520833333333332  0.5  0.833333333333333  0.0025184282940194703
9.291666666666666  9.520833333333332  0.833333333333333  1.166666666666666  0.006631924796880744
9.291666666666666  9.520833333333332  1.166666666666666  1.5  0.017868170196598372
9.291666666666666  9.520833333333332  1.5  1.833333333333333  0.0009274710857188472
9.291666666666666  9.520833333333332  1.833333333333333  2.166666666666666  0.0
9.291666666666666  9.520833333333332  2.166666666666666  2.5  0.0
9.520833333333332  9.75  -5.5  -5.166666666666667  0.0
9.520833333333332  9.75  -5.166666666666667  -4.833333333333333  0.0
9.520833333333332  9.75  -4.833333333333333  -4.5  0.0
9.520833333333332  9.75  -4.5  -4.166666666666667  0.0
9.520833333333332  9.75  -4.166666666666667  -3.8333333333333335  0.0
9.520833333333332  9.75  -3.8333333333333335  -3.5  0.0
9.520833333333332  9.75  -3.5  -3.166666666666667  0.0
9.520833333333332  9.75  -3.166666666666667  -2.8333333333333335  0.0
9.520833333333332  9.75  -2.8333333333333335  -2.5  0.0
9.520833333333332  9.75  -2.5  -2.166666666666667  0.0
9.520833333333332  9.75  -2.166666666666667  -1.8333333333333335  0.0
9.520833333333332  9.75  -1.8333333333333335  -1.5  0.0
9.520833333333332  9.75  -1.5  -1.166666666666667  0.0
9.520833333333332  9.75  -1.166666666666667  -0.8333333333333339  0.0
9.520833333333332  9.75  -0.8333333333333339  -0.5  0.0
9.520833333333332  9.75  -0.5  -0.16666666666666696  0.0
9.520833333333332  9.75  -0.16666666666666696  0.16666666666666607  0.0
9.520833333333332  9.75  0.16666666666666607  0.5  0.000831743501756894
9.520833333333332  9.75  0.5  0.833333333333333  0.0013964187899713632
9.520833333333332  9.75  0.833333333333333  1.166666666666666  0.0018252842389798179
9.520833333333332  9.75  1.166666666666666  1.5  0.01244649459388915
9.520833333333332  9.75  1.5  1.833333333333333  0.008054771447457568
9.520833333333332  9.75  1.833333333333333  2.166666666666666  0.0
9.520833333333332  9.75  2.166666666666666  2.5  0.0
9.75  9.979166666666666  -5.5  -5.166666666666667  0.0
9.75  9.979166666666666  -5.166666666666667  -4.833333333333333  0.0
9.75  9.979166666666666  -4.833333333333333  -4.5  0.0
9.75  9.979166666666666  -4.5  -4.166666666666667  0.0
9.75  9.979166666666666  -4.166666666666667  -3.8333333333333335  0.0
9.75  9.979166666666666  -3.8333333333333335  -3.5  0.0
9.75  9.979166666666666  -3.5  -3.166666666666667  0.0
9.75  9.979166666666666  -3.166666666666667  -2.8333333333333335  0.0
9.75  9.979166666666666  -2.8333333333333335  -2.5  0.0
9.75  9.979166666666666  -2.5  -2.166666666666667  0.0
9.75  9.979166666666666  -2.166666666666667  -1.8333333333333335  0.0
9.75  9.979166666666666  -1.8333333333333335  -1.5  0.0
9.75  9.979166666666666  -1.5  -1.166666666666667  0.0
9.75  9.979166666666666  -1.166666666666667  -0.8333333333333339  0.0
9.75  9.979166666666666  -0.8333333333333339  -0.5  0.0
9.75  9.979166666666666  -0.5  -0.16666666666666696  0.0
9.75  9.979166666666666  -0.16666666666666696  0.16666666666666607  0.0
9.75  9.979166666666666  0.16666666666666607  0.5  0.0
9.75  9.979166666666666  0.5  0.833333333333333  0.0010374403501161662
9.75  9.979166666666666  0.833333333333333  1.166666666666666  0.0009405381945713226
9.75  9.979166666666666  1.166666666666666  1.5  0.0027589218255093715
9.75  9.979166666666666  1.5  1.833333333333333  0.008711503783442511
9.75  9.979166666666666  1.833333333333333  2.166666666666666  0.0030270177891812402
9.75  9.979166666666666  2.166666666666666  2.5  0.0
9.979166666666666  10.208333333333332  -5.5  -5.166666666666667  0.0
9.979166666666666  10.208333333333332  -5.166666666666667  -4.833333333333333  0.0
9.979166666666666  10.208333333333332  -4.833333333333333  -4.5  0.0
9.979166666666666  10.208333333333332  -4.5  -4.166666666666667  0.0
9.979166666666666  10.208333333333332  -4.166666666666667  -3.8333333333333335  0.0
9.979166666666666  10.208333333333332  -3.8333333333333335  -3.5  0.0
9.979166666666666  10.208333333333332  -3.5  -3.166666666666667  0.0
9.979166666666666  10.208333333333332  -3.166666666666667  -2.8333333333333335  0.0
9.979166666666666  10.208333333333332  -2.8333333333333335  -2.5  0.0
9.979166666666666  10.208333333333332  -2.5  -2.166666666666667  0.0
9.979166666666666  10.208333333333332  -2.166666666666667  -1.8333333333333335  0.0
9.979166666666666  10.208333333333332  -1.8333333333333335  -1.5  0.0
9.979166666666666  10.208333333333332  -1.5  -1.166666666666667  0.0
9.979166666666666  10.208333333333332  -1.166666666666667  -0.8333333333333339  0.0
9.979166666666666  10.208333333333332  -0.8333333333333339  -0.5  0.0
9.979166666666666  10.208333333333332  -0.5  -0.16666666666666696  0.0
9.979166666666666  10.208333333333332  -0.16666666666666696  0.16666666666666607  0.0
9.979166666666666  10.208333333333332  0.16666666666666607  0.5  0.0
9.979166666666666  10.208333333333332  0.5  0.833333333333333  0.001342241675736872
9.979166666666666  10.208333333333332  0.833333333333333  1.166666666666666  0.0
9.979166666666666  10.208333333333332  1.166666666666666  1.5  0.002146676388199542
9.979166666666666  10.208333333333332  1.5  1.833333333333333  0.005146679030989196
9.979166666666666  10.208333333333332  1.833333333333333  2.166666666666666  0.004629133427507621
9.979166666666666  10.208333333333332  2.166666666666666  2.5  0.0
10.208333333333332  10.4375  -5.5  -5.166666666666667  0.0
10.208333333333332  10.4375  -5.166666666666667  -4.833333333333333  0.0
10.208333333333332  10.4375  -4.833333333333333  -4.5  0.0
10.208333333333332  10.4375  -4.5  -4.166666666666667  0.0
10.208333333333332  10.4375  -4.166666666666667  -3.8333333333333335  0.0
10.208333333333332  10.4375  -3.8333333333333335  -3.5  0.0
10.208333333333332  10.4375  -3.5  -3.166666666666667  0.0
10.208333333333332  10.4375  -3.166666666666667  -2.8333333333333335  0.0
10.208333333333332  10.4375  -2.8333333333333335  -2.5  0.0
10.208333333333332  10.4375  -2.5  -2.166666666666667  0.0
10.208333333333332  10.4375  -2.166666666666667  -1.8333333333333335  0.0
10.208333333333332  10.4375  -1.8333333333333335  -1.5  0.0
10.208333333333332  10.4375  -1.5  -1.166666666666667  0.0
10.208333333333332  10.4375  -1.166666666666667  -0.8333333333333339  0.0
10.208333333333332  10.4375  -0.8333333333333339  -0.5  0.0
10.208333333333332  10.4375  -0.5  -0.16666666666666696  0.0
10.208333333333332  10.4375  -0.16666666666666696  0.16666666666666607  0.0
10.208333333333332  10.4375  0.16666666666666607  0.5  0.0
10.208333333333332  10.4375  0.5  0.833333333333333  0.0
10.208333333333332  10.4375  0.833333333333333  1.166666666666666  0.0
10.208333333333332  10.4375  1.166666666666666  1.5  0.0
10.208333333333332  10.4375  1.5  1.833333333333333  0.00111202564559673
10.208333333333332  10.4375  1.833333333333333  2.166666666666666  0.0028709465901719617
10.208333333333332  10.4375  2.166666666666666  2.5  0.002015564835322961
10.4375  10.666666666666666  -5.5  -5.166666666666667  0.0
10.4375  10.666666666666666  -5.166666666666667  -4.833333333333333  0.0
10.4375  10.666666666666666  -4.833333333333333  -4.5  0.0
10.4375  10.666666666666666  -4.5  -4.166666666666667  0.0
10.4375  10.666666666666666  -4.166666666666667  -3.8333333333333335  0.0
10.4375  10.666666666666666  -3.8333333333333335  -3.5  0.0
10.4375  10.666666666666666  -3.5  -3.166666666666667  0.0
10.4375  10.666666666666666  -3.166666666666667  -2.8333333333333335  0.0
10.4375  10.666666666666666  -2.8333333333333335  -2.5  0.0
10.4375  10.666666666666666  -2.5  -2.166666666666667  0.0
10.4375  10.666666666666666  -2.166666666666667  -1.8333333333333335  0.0
10.4375  10.666666666666666  -1.8333333333333335  -1.5  0.0
10.4375  10.666666666666666  -1.5  -1.166666666666667  0.0
10.4375  10.666666666666666  -1.166666666666667  -0.8333333333333339  0.0
10.4375  10.666666666666666  -0.8333333333333339  -0.5  0.0
10.4375  10.666666666666666  -0.5  -0.16666666666666696  0.0
10.4375  10.666666666666666  -0.16666666666666696  0.16666666666666607  0.0
10.4375  10.666666666666666  0.16666666666666607  0.5  0.0
10.4375  10.666666666666666  0.5  0.833333333333333  0.0
10.4375  10.666666666666666  0.833333333333333  1.166666666666666  0.0
10.4375  10.666666666666666  1.166666666666666  1.5  0.0
10.4375  10.666666666666666  1.5  1.833333333333333  0.0
10.4375  10.666666666666666  1.833333333333333  2.166666666666666  0.0
10.4375  10.666666666666666  2.166666666666666  2.5  0.0
10.666666666666666  10.895833333333332  -5.5  -5.166666666666667  0.0
10.666666666666666  10.895833333333332  -5.166666666666667  -4.833333333333333  0.0
10.666666666666666  10.895833333333332  -4.833333333333333  -4.5  0.0
10.666666666666666  10.895833333333332  -4.5  -4.166666666666667  0.0
10.666666666666666  10.895833333333332  -4.166666666666667  -3.8333333333333335  0.0
10.666666666666666  10.895833333333332  -3.8333333333333335  -3.5  0.0
10.666666666666666  10.895833333333332  -3.5  -3.166666666666667  0.0
10.666666666666666  10.895833333333332  -3.166666666666667  -2.8333333333333335  0.0
10.666666666666666  10.895833333333332  -2.8333333333333335  -2.5  0.0
10.666666666666666  10.895833333333332  -2.5  -2.166666666666667  0.0
10.666666666666666  10.895833333333332  -2.166666666666667  -1.8333333333333335  0.0
10.666666666666666  10.895833333333332  -1.8333333333333335  -1.5  0.0
10.666666666666666  10.895833333333332  -1.5  -1.166666666666667  0.0
10.666666666666666  10.895833333333332  -1.166666666666667  -0.8333333333333339  0.0
10.666666666666666  10.895833333333332  -0.8333333333333339  -0.5  0.0
10.666666666666666  10.895833333333332  -0.5  -0.16666666666666696  0.0
10.666666666666666  10.895833333333332  -0.16666666666666696  0.16666666666666607  0.0
10.666666666666666  10.895833333333332  0.16666666666666607  0.5  0.0
10.666666666666666  10.895833333333332  0.5  0.833333333333333  0.0
10.666666666666666  10.895833333333332  0.833333333333333  1.166666666666666  0.0
10.666666666666666  10.895833333333332  1.166666666666666  1.5  0.0
10.666666666666666  10.895833333333332  1.5  1.833333333333333  0.0
10.666666666666666  10.895833333333332  1.833333333333333  2.166666666666666  0.0
10.666666666666666  10.895833333333332  2.166666666666666  2.5  0.0
10.895833333333332  11.125  -5.5  -5.166666666666667  0.0
10.895833333333332  11.125  -5.166666666666667  -4.833333333333333  0.0
10.895833333333332  11.125  -4.833333333333333  -4.5  0.0
10.895833333333332  11.125  -4.5  -4.166666666666667  0.0
10.895833333333332  11.125  -4.166666666666667  -3.8333333333333335  0.0
10.895833333333332  11.125  -3.8333333333333335  -3.5  0.0
10.895833333333332  11.125  -3.5  -3.166666666666667  0.0
10.895833333333332  11.125  -3.166666666666667  -2.8333333333333335  0.0
10.895833333333332  11.125  -2.8333333333333335  -2.5  0.0
10.895833333333332  11.125  -2.5  -2.166666666666667  0.0
10.895833333333332  11.125  -2.166666666666667  -1.8333333333333335  0.0
10.895833333333332  11.125  -1.8333333333333335  -1.5  0.0
10.895833333333332  11.125  -1.5  -1.166666666666667  0.0
10.895833333333332  11.125  -1.166666666666667  -0.8333333333333339  0.0
10.895833333333332  11.125  -0.8333333333333339  -0.5  0.0
10.895833333333332  11.125  -0.5  -0.16666666666666696  0.0
10.895833333333332  11.125  -0.16666666666666696  0.16666666666666607  0.0
10.895833333333332  11.125  0.16666666666666607  0.5  0.0
10.895833333333332  11.125  0.5  0.833333333333333  0.0
10.895833333333332  11.125  0.833333333333333  1.166666666666666  0.0
10.895833333333332  11.125  1.166666666666666  1.5  0.0
10.895833333333332  11.125  1.5  1.833333333333333  0.0
10.895833333333332  11.125  1.833333333333333  2.166666666666666  0.0
10.895833333333332  11.125  2.166666666666666  2.5  0.0
11.125  11.354166666666666  -5.5  -5.166666666666667  0.0
11.125  11.354166666666666  -5.166666666666667  -4.833333333333333  0.0
11.125  11.354166666666666  -4.833333333333333  -4.5  0.0
11.125  11.354166666666666  -4.5  -4.166666666666667  0.0
11.125  11.354166666666666  -4.166666666666667  -3.8333333333333335  0.0
11.125  11.354166666666666  -3.8333333333333335  -3.5  0.0
11.125  11.354166666666666  -3.5  -3.166666666666667  0.0
11.125  11.354166666666666  -3.166666666666667  -2.8333333333333335  0.0
11.125  11.354166666666666  -2.8333333333333335  -2.5  0.0
11.125  11.354166666666666  -2.5  -2.166666666666667  0.0
11.125  11.354166666666666  -2.166666666666667  -1.8333333333333335  0.0
11.125  11.354166666666666  -1.8333333333333335  -1.5  0.0
11.125  11.354166666666666  -1.5  -1.166666666666667  0.0
11.125  11.354166666666666  -1.166666666666667  -0.8333333333333339  0.0
11.125  11.354166666666666  -0.8333333333333339  -0.5  0.0
11.125  11.354166666666666  -0.5  -0.16666666666666696  0.0
11.125  11.354166666666666  -0.16666666666666696  0.16666666666666607  0.0
11.125  11.354166666666666  0.16666666666666607  0.5  0.0
11.125  11.354166666666666  0.5  0.833333333333333  0.0
11.125  11.354166666666666  0.833333333333333  1.166666666666666  0.0
11.125  11.354166666666666  1.166666666666666  1.5  0.0
11.125  11.354166666666666  1.5  1.833333333333333  0.0
11.125  11.354166666666666  1.833333333333333  2.166666666666666  0.0
11.125  11.354166666666666  2.166666666666666  2.5  0.0
11.354166666666666  11.583333333333332  -5.5  -5.166666666666667  0.0
11.354166666666666  11.583333333333332  -5.166666666666667  -4.833333333333333  0.0
11.354166666666666  11.583333333333332  -4.833333333333333  -4.5  0.0
11.354166666666666  11.583333333333332  -4.5  -4.166666666666667  0.0
11.354166666666666  11.583333333333332  -4.166666666666667  -3.8333333333333335  0.0
11.354166666666666  11.583333333333332  -3.8333333333333335  -3.5  0.0
11.354166666666666  11.583333333333332  -3.5  -3.166666666666667  0.0
11.354166666666666  11.583333333333332  -3.166666666666667  -2.8333333333333335  0.0
11.354166666666666  11.583333333333332  -2.8333333333333335  -2.5  0.0
11.354166666666666  11.583333333333332  -2.5  -2.166666666666667  0.0
11.354166666666666  11.583333333333332  -2.166666666666667  -1.8333333333333335  0.0
11.354166666666666  11.583333333333332  -1.8333333333333335  -1.5  0.0
11.354166666666666  11.583333333333332  -1.5  -1.166666666666667  0.0
11.354166666666666  11.583333333333332  -1.166666666666667  -0.8333333333333339  0.0
11.354166666666666  11.583333333333332  -0.8333333333333339  -0.5  0.0
11.354166666666666  11.583333333333332  -0.5  -0.16666666666666696  0.0
11.354166666666666  11.583333333333332  -0.16666666666666696  0.16666666666666607  0.0
11.354166666666666  11.583333333333332  0.16666666666666607  0.5  0.0
11.354166666666666  11.583333333333332  0.5  0.833333333333333  0.0
11.354166666666666  11.583333333333332  0.833333333333333  1.166666666666666  0.0
11.354166666666666  11.583333333333332  1.166666666666666  1.5  0.0
11.354166666666666  11.583333333333332  1.5  1.833333333333333  0.0
11.354166666666666  11.583333333333332  1.833333333333333  2.166666666666666  0.0
11.354166666666666  11.583333333333332  2.166666666666666  2.5  0.0
11.583333333333332  11.8125  -5.5  -5.166666666666667  0.0
11.583333333333332  11.8125  -5.166666666666667  -4.833333333333333  0.0
11.583333333333332  11.8125  -4.833333333333333  -4.5  0.0
11.583333333333332  11.8125  -4.5  -4.166666666666667  0.0
11.583333333333332  11.8125  -4.166666666666667  -3.8333333333333335  0.0
11.583333333333332  11.8125  -3.8333333333333335  -3.5  0.0
11.583333333333332  11.8125  -3.5  -3.166666666666667  0.0
11.583333333333332  11.8125  -3.166666666666667  -2.8333333333333335  0.0
11.583333333333332  11.8125  -2.8333333333333335  -2.5  0.0
11.583333333333332  11.8125  -2.5  -2.166666666666667  0.0
11.583333333333332  11.8125  -2.166666666666667  -1.8333333333333335  0.0
11.583333333333332  11.8125  -1.8333333333333335  -1.5  0.0
11.583333333333332  11.8125  -1.5  -1.166666666666667  0.0
11.583333333333332  11.8125  -1.166666666666667  -0.8333333333333339  0.0
11.583333333333332  11.8125  -0.8333333333333339  -0.5  0.0
11.583333333333332  11.8125  -0.5  -0.16666666666666696  0.0
11.583333333333332  11.8125  -0.16666666666666696  0.16666666666666607  0.0
11.583333333333332  11.8125  0.16666666666666607  0.5  0.0
11.583333333333332  11.8125  0.5  0.833333333333333  0.0
11.583333333333332  11.8125  0.833333333333333  1.166666666666666  0.0
11.583333333333332  11.8125  1.166666666666666  1.5  0.0
11.583333333333332  11.8125  1.5  1.833333333333333  0.0
11.583333333333332  11.8125  1.833333333333333  2.166666666666666  0.0
11.583333333333332  11.8125  2.166666666666666  2.5  0.0
11.8125  12.041666666666666  -5.5  -5.166666666666667  0.0
11.8125  12.041666666666666  -5.166666666666667  -4.833333333333333  0.0
11.8125  12.041666666666666  -4.833333333333333  -4.5  0.0
11.8125  12.041666666666666  -4.5  -4.166666666666667  0.0
11.8125  12.041666666666666  -4.166666666666667  -3.8333333333333335  0.0
11.8125  12.041666666666666  -3.8333333333333335  -3.5  0.0
11.8125  12.041666666666666  -3.5  -3.166666666666667  0.0
11.8125  12.041666666666666  -3.166666666666667  -2.8333333333333335  0.0
11.8125  12.041666666666666  -2.8333333333333335  -2.5  0.0
11.8125  12.041666666666666  -2.5  -2.166666666666667  0.0
11.8125  12.041666666666666  -2.166666666666667  -1.8333333333333335  0.0
11.8125  12.041666666666666  -1.8333333333333335  -1.5  0.0
11.8125  12.041666666666666  -1.5  -1.166666666666667  0.0
11.8125  12.041666666666666  -1.166666666666667  -0.8333333333333339  0.0
11.8125  12.041666666666666  -0.8333333333333339  -0.5  0.0
11.8125  12.041666666666666  -0.5  -0.16666666666666696  0.0
11.8125  12.041666666666666  -0.16666666666666696  0.16666666666666607  0.0
11.8125  12.041666666666666  0.16666666666666607  0.5  0.0
11.8125  12.041666666666666  0.5  0.833333333333333  0.0
11.8125  12.041666666666666  0.833333333333333  1.166666666666666  0.0
11.8125  12.041666666666666  1.166666666666666  1.5  0.0
11.8125  12.041666666666666  1.5  1.833333333333333  0.0
11.8125  12.041666666666666  1.833333333333333  2.166666666666666  0.0
11.8125  12.041666666666666  2.166666666666666  2.5  0.0
12.041666666666666  12.270833333333332  -5.5  -5.166666666666667  0.0
12.041666666666666  12.270833333333332  -5.166666666666667  -4.833333333333333  0.0
12.041666666666666  12.270833333333332  -4.833333333333333  -4.5  0.0
12.041666666666666  12.270833333333332  -4.5  -4.166666666666667  0.0
12.041666666666666  12.270833333333332  -4.166666666666667  -3.8333333333333335  0.0
12.041666666666666  12.270833333333332  -3.8333333333333335  -3.5  0.0
12.041666666666666  12.270833333333332  -3.5  -3.166666666666667  0.0
12.041666666666666  12.270833333333332  -3.166666666666667  -2.8333333333333335  0.0
12.041666666666666  12.270833333333332  -2.8333333333333335  -2.5  0.0
12.041666666666666  12.270833333333332  -2.5  -2.166666666666667  0.0
12.041666666666666  12.270833333333332  -2.166666666666667  -1.8333333333333335  0.0
12.041666666666666  12.270833333333332  -1.8333333333333335  -1.5  0.0
12.041666666666666  12.270833333333332  -1.5  -1.166666666666667  0.0
12.041666666666666  12.270833333333332  -1.166666666666667  -0.8333333333333339  0.0
12.041666666666666  12.270833333333332  -0.8333333333333339  -0.5  0.0
12.041666666666666  12.270833333333332  -0.5  -0.16666666666666696  0.0
12.041666666666666  12.270833333333332  -0.16666666666666696  0.16666666666666607  0.0
12.041666666666666  12.270833333333332  0.16666666666666607  0.5  0.0
12.041666666666666  12.270833333333332  0.5  0.833333333333333  0.0
12.041666666666666  12.270833333333332  0.833333333333333  1.166666666666666  0.0
12.041666666666666  12.270833333333332  1.166666666666666  1.5  0.0
12.041666666666666  12.270833333333332  1.5  1.833333333333333  0.0
12.041666666666666  12.270833333333332  1.833333333333333  2.166666666666666  0.0
12.041666666666666  12.270833333333332  2.166666666666666  2.5  0.0
12.270833333333332  12.5  -5.5  -5.166666666666667  0.0
12.270833333333332  12.5  -5.166666666666667  -4.833333333333333  0.0
12.270833333333332  12.5  -4.833333333333333  -4.5  0.0
12.270833333333332  12.5  -4.5  -4.166666666666667  0.0
12.270833333333332  12.5  -4.166666666666667  -3.8333333333333335  0.0
12.270833333333332  12.5  -3.8333333333333335  -3.5  0.0
12.270833333333332  12.5  -3.5  -3.166666666666667  0.0
12.270833333333332  12.5  -3.166666666666667  -2.8333333333333335  0.0
12.270833333333332  12.5  -2.8333333333333335  -2.5  0.0
12.270833333333332  12.5  -2.5  -2.166666666666667  0.0
12.270833333333332  12.5  -2.166666666666667  -1.8333333333333335  0.0
12.270833333333332  12.5  -1.8333333333333335  -1.5  0.0
12.270833333333332  12.5  -1.5  -1.166666666666667  0.0
12.270833333333332  12.5  -1.166666666666667  -0.8333333333333339  0.0
12.270833333333332  12.5  -0.8333333333333339  -0.5  0.0
12.270833333333332  12.5  -0.5  -0.16666666666666696  0.0
12.270833333333332  12.5  -0.16666666666666696  0.16666666666666607  0.0
12.270833333333332  12.5  0.16666666666666607  0.5  0.0
12.270833333333332  12.5  0.5  0.833333333333333  0.0
12.270833333333332  12.5  0.833333333333333  1.166666666666666  0.0
12.270833333333332  12.5  1.166666666666666  1.5  0.0
12.270833333333332  12.5  1.5  1.833333333333333  0.0
12.270833333333332  12.5  1.833333333333333  2.166666666666666  0.0
12.270833333333332  12.5  2.166666666666666  2.5  0.0
