#logMs[Msol]   dn/dlogMs[Mpc-3]
7.016843866080023	-1.3094794750370085
7.225667395491788	-1.1352015567447955
7.434490924903553	-1.171176776870727
7.643314454315317	-1.3040844431503005
7.852137983727082	-1.3643803450375533
8.060961513138846	-1.4272396270181833
8.26978504255061	-1.4380524963004024
8.478608571962376	-1.5223733820004384
8.68743210137414	-1.662341108973858
8.896255630785905	-1.832358220317346
9.10507916019767	-1.7282696226821663
9.313902689609435	-1.8701467812067458
9.5227262190212	-2.0222377638586604
9.731549748432965	-1.957296956925646
9.940373277844728	-2.0986261097221117
10.149196807256494	-2.133388215981331
10.358020336668257	-2.212569462028948
10.566843866080022	-2.472206772534708
10.775667395491787	-2.5593569482536083
10.984490924903552	-3.5135994576929335
