logMs_min    logMs_max   logMs_binsCent  logSFR_min    logSFR_max   logSFR_binsCent   Distrib
7.0	7.333333333333333	7.166666666666666	-5.5	-4.966666666666667	-5.233333333333333	0.0
7.0	7.333333333333333	7.166666666666666	-4.966666666666667	-4.433333333333334	-4.7	0.0
7.0	7.333333333333333	7.166666666666666	-4.433333333333334	-3.9	-4.166666666666667	1787.0
7.0	7.333333333333333	7.166666666666666	-3.9	-3.3666666666666667	-3.6333333333333333	3139.0
7.0	7.333333333333333	7.166666666666666	-3.3666666666666667	-2.8333333333333335	-3.1	5163.0
7.0	7.333333333333333	7.166666666666666	-2.8333333333333335	-2.3	-2.5666666666666664	12557.0
7.0	7.333333333333333	7.166666666666666	-2.3	-1.7666666666666666	-2.033333333333333	16749.0
7.0	7.333333333333333	7.166666666666666	-1.7666666666666666	-1.2333333333333334	-1.5	8306.0
7.0	7.333333333333333	7.166666666666666	-1.2333333333333334	-0.7000000000000002	-0.9666666666666668	1255.0
7.0	7.333333333333333	7.166666666666666	-0.7000000000000002	-0.16666666666666696	-0.43333333333333357	0.0
7.0	7.333333333333333	7.166666666666666	-0.16666666666666696	0.36666666666666625	0.09999999999999964	2.0
7.0	7.333333333333333	7.166666666666666	0.36666666666666625	0.9000000000000004	0.6333333333333333	0.0
7.0	7.333333333333333	7.166666666666666	0.9000000000000004	1.4333333333333336	1.166666666666667	0.0
7.0	7.333333333333333	7.166666666666666	1.4333333333333336	1.9666666666666668	1.7000000000000002	0.0
7.0	7.333333333333333	7.166666666666666	1.9666666666666668	2.5	2.2333333333333334	0.0
7.333333333333333	7.666666666666667	7.5	-5.5	-4.966666666666667	-5.233333333333333	0.0
7.333333333333333	7.666666666666667	7.5	-4.966666666666667	-4.433333333333334	-4.7	0.0
7.333333333333333	7.666666666666667	7.5	-4.433333333333334	-3.9	-4.166666666666667	1188.0
7.333333333333333	7.666666666666667	7.5	-3.9	-3.3666666666666667	-3.6333333333333333	2691.0
7.333333333333333	7.666666666666667	7.5	-3.3666666666666667	-2.8333333333333335	-3.1	3587.0
7.333333333333333	7.666666666666667	7.5	-2.8333333333333335	-2.3	-2.5666666666666664	11209.0
7.333333333333333	7.666666666666667	7.5	-2.3	-1.7666666666666666	-2.033333333333333	23885.0
7.333333333333333	7.666666666666667	7.5	-1.7666666666666666	-1.2333333333333334	-1.5	24489.0
7.333333333333333	7.666666666666667	7.5	-1.2333333333333334	-0.7000000000000002	-0.9666666666666668	6975.0
7.333333333333333	7.666666666666667	7.5	-0.7000000000000002	-0.16666666666666696	-0.43333333333333357	375.0
7.333333333333333	7.666666666666667	7.5	-0.16666666666666696	0.36666666666666625	0.09999999999999964	0.0
7.333333333333333	7.666666666666667	7.5	0.36666666666666625	0.9000000000000004	0.6333333333333333	0.0
7.333333333333333	7.666666666666667	7.5	0.9000000000000004	1.4333333333333336	1.166666666666667	0.0
7.333333333333333	7.666666666666667	7.5	1.4333333333333336	1.9666666666666668	1.7000000000000002	0.0
7.333333333333333	7.666666666666667	7.5	1.9666666666666668	2.5	2.2333333333333334	0.0
7.666666666666667	8.0	7.833333333333334	-5.5	-4.966666666666667	-5.233333333333333	0.0
7.666666666666667	8.0	7.833333333333334	-4.966666666666667	-4.433333333333334	-4.7	0.0
7.666666666666667	8.0	7.833333333333334	-4.433333333333334	-3.9	-4.166666666666667	364.0
7.666666666666667	8.0	7.833333333333334	-3.9	-3.3666666666666667	-3.6333333333333333	0.0
7.666666666666667	8.0	7.833333333333334	-3.3666666666666667	-2.8333333333333335	-3.1	3134.0
7.666666666666667	8.0	7.833333333333334	-2.8333333333333335	-2.3	-2.5666666666666664	6846.0
7.666666666666667	8.0	7.833333333333334	-2.3	-1.7666666666666666	-2.033333333333333	17929.0
7.666666666666667	8.0	7.833333333333334	-1.7666666666666666	-1.2333333333333334	-1.5	51732.0
7.666666666666667	8.0	7.833333333333334	-1.2333333333333334	-0.7000000000000002	-0.9666666666666668	32013.0
7.666666666666667	8.0	7.833333333333334	-0.7000000000000002	-0.16666666666666696	-0.43333333333333357	1805.0
7.666666666666667	8.0	7.833333333333334	-0.16666666666666696	0.36666666666666625	0.09999999999999964	0.0
7.666666666666667	8.0	7.833333333333334	0.36666666666666625	0.9000000000000004	0.6333333333333333	0.0
7.666666666666667	8.0	7.833333333333334	0.9000000000000004	1.4333333333333336	1.166666666666667	0.0
7.666666666666667	8.0	7.833333333333334	1.4333333333333336	1.9666666666666668	1.7000000000000002	0.0
7.666666666666667	8.0	7.833333333333334	1.9666666666666668	2.5	2.2333333333333334	0.0
8.0	8.333333333333334	8.166666666666668	-5.5	-4.966666666666667	-5.233333333333333	0.0
8.0	8.333333333333334	8.166666666666668	-4.966666666666667	-4.433333333333334	-4.7	0.0
8.0	8.333333333333334	8.166666666666668	-4.433333333333334	-3.9	-4.166666666666667	0.0
8.0	8.333333333333334	8.166666666666668	-3.9	-3.3666666666666667	-3.6333333333333333	0.0
8.0	8.333333333333334	8.166666666666668	-3.3666666666666667	-2.8333333333333335	-3.1	305.0
8.0	8.333333333333334	8.166666666666668	-2.8333333333333335	-2.3	-2.5666666666666664	4197.0
8.0	8.333333333333334	8.166666666666668	-2.3	-1.7666666666666666	-2.033333333333333	3640.0
8.0	8.333333333333334	8.166666666666668	-1.7666666666666666	-1.2333333333333334	-1.5	28245.0
8.0	8.333333333333334	8.166666666666668	-1.2333333333333334	-0.7000000000000002	-0.9666666666666668	80434.0
8.0	8.333333333333334	8.166666666666668	-0.7000000000000002	-0.16666666666666696	-0.43333333333333357	23376.0
8.0	8.333333333333334	8.166666666666668	-0.16666666666666696	0.36666666666666625	0.09999999999999964	0.0
8.0	8.333333333333334	8.166666666666668	0.36666666666666625	0.9000000000000004	0.6333333333333333	0.0
8.0	8.333333333333334	8.166666666666668	0.9000000000000004	1.4333333333333336	1.166666666666667	0.0
8.0	8.333333333333334	8.166666666666668	1.4333333333333336	1.9666666666666668	1.7000000000000002	0.0
8.0	8.333333333333334	8.166666666666668	1.9666666666666668	2.5	2.2333333333333334	0.0
8.333333333333334	8.666666666666666	8.5	-5.5	-4.966666666666667	-5.233333333333333	0.0
8.333333333333334	8.666666666666666	8.5	-4.966666666666667	-4.433333333333334	-4.7	0.0
8.333333333333334	8.666666666666666	8.5	-4.433333333333334	-3.9	-4.166666666666667	0.0
8.333333333333334	8.666666666666666	8.5	-3.9	-3.3666666666666667	-3.6333333333333333	0.0
8.333333333333334	8.666666666666666	8.5	-3.3666666666666667	-2.8333333333333335	-3.1	0.0
8.333333333333334	8.666666666666666	8.5	-2.8333333333333335	-2.3	-2.5666666666666664	0.0
8.333333333333334	8.666666666666666	8.5	-2.3	-1.7666666666666666	-2.033333333333333	0.0
8.333333333333334	8.666666666666666	8.5	-1.7666666666666666	-1.2333333333333334	-1.5	5350.0
8.333333333333334	8.666666666666666	8.5	-1.2333333333333334	-0.7000000000000002	-0.9666666666666668	58557.0
8.333333333333334	8.666666666666666	8.5	-0.7000000000000002	-0.16666666666666696	-0.43333333333333357	92768.0
8.333333333333334	8.666666666666666	8.5	-0.16666666666666696	0.36666666666666625	0.09999999999999964	5870.0
8.333333333333334	8.666666666666666	8.5	0.36666666666666625	0.9000000000000004	0.6333333333333333	0.0
8.333333333333334	8.666666666666666	8.5	0.9000000000000004	1.4333333333333336	1.166666666666667	0.0
8.333333333333334	8.666666666666666	8.5	1.4333333333333336	1.9666666666666668	1.7000000000000002	0.0
8.333333333333334	8.666666666666666	8.5	1.9666666666666668	2.5	2.2333333333333334	0.0
8.666666666666666	9.0	8.833333333333332	-5.5	-4.966666666666667	-5.233333333333333	0.0
8.666666666666666	9.0	8.833333333333332	-4.966666666666667	-4.433333333333334	-4.7	0.0
8.666666666666666	9.0	8.833333333333332	-4.433333333333334	-3.9	-4.166666666666667	0.0
8.666666666666666	9.0	8.833333333333332	-3.9	-3.3666666666666667	-3.6333333333333333	0.0
8.666666666666666	9.0	8.833333333333332	-3.3666666666666667	-2.8333333333333335	-3.1	0.0
8.666666666666666	9.0	8.833333333333332	-2.8333333333333335	-2.3	-2.5666666666666664	0.0
8.666666666666666	9.0	8.833333333333332	-2.3	-1.7666666666666666	-2.033333333333333	0.0
8.666666666666666	9.0	8.833333333333332	-1.7666666666666666	-1.2333333333333334	-1.5	0.0
8.666666666666666	9.0	8.833333333333332	-1.2333333333333334	-0.7000000000000002	-0.9666666666666668	3797.0
8.666666666666666	9.0	8.833333333333332	-0.7000000000000002	-0.16666666666666696	-0.43333333333333357	110043.0
8.666666666666666	9.0	8.833333333333332	-0.16666666666666696	0.36666666666666625	0.09999999999999964	52938.0
8.666666666666666	9.0	8.833333333333332	0.36666666666666625	0.9000000000000004	0.6333333333333333	0.0
8.666666666666666	9.0	8.833333333333332	0.9000000000000004	1.4333333333333336	1.166666666666667	0.0
8.666666666666666	9.0	8.833333333333332	1.4333333333333336	1.9666666666666668	1.7000000000000002	0.0
8.666666666666666	9.0	8.833333333333332	1.9666666666666668	2.5	2.2333333333333334	0.0
9.0	9.333333333333332	9.166666666666666	-5.5	-4.966666666666667	-5.233333333333333	0.0
9.0	9.333333333333332	9.166666666666666	-4.966666666666667	-4.433333333333334	-4.7	0.0
9.0	9.333333333333332	9.166666666666666	-4.433333333333334	-3.9	-4.166666666666667	0.0
9.0	9.333333333333332	9.166666666666666	-3.9	-3.3666666666666667	-3.6333333333333333	0.0
9.0	9.333333333333332	9.166666666666666	-3.3666666666666667	-2.8333333333333335	-3.1	0.0
9.0	9.333333333333332	9.166666666666666	-2.8333333333333335	-2.3	-2.5666666666666664	0.0
9.0	9.333333333333332	9.166666666666666	-2.3	-1.7666666666666666	-2.033333333333333	0.0
9.0	9.333333333333332	9.166666666666666	-1.7666666666666666	-1.2333333333333334	-1.5	0.0
9.0	9.333333333333332	9.166666666666666	-1.2333333333333334	-0.7000000000000002	-0.9666666666666668	2364.0
9.0	9.333333333333332	9.166666666666666	-0.7000000000000002	-0.16666666666666696	-0.43333333333333357	13739.0
9.0	9.333333333333332	9.166666666666666	-0.16666666666666696	0.36666666666666625	0.09999999999999964	198622.0
9.0	9.333333333333332	9.166666666666666	0.36666666666666625	0.9000000000000004	0.6333333333333333	15456.0
9.0	9.333333333333332	9.166666666666666	0.9000000000000004	1.4333333333333336	1.166666666666667	0.0
9.0	9.333333333333332	9.166666666666666	1.4333333333333336	1.9666666666666668	1.7000000000000002	0.0
9.0	9.333333333333332	9.166666666666666	1.9666666666666668	2.5	2.2333333333333334	0.0
9.333333333333332	9.666666666666666	9.5	-5.5	-4.966666666666667	-5.233333333333333	0.0
9.333333333333332	9.666666666666666	9.5	-4.966666666666667	-4.433333333333334	-4.7	0.0
9.333333333333332	9.666666666666666	9.5	-4.433333333333334	-3.9	-4.166666666666667	0.0
9.333333333333332	9.666666666666666	9.5	-3.9	-3.3666666666666667	-3.6333333333333333	0.0
9.333333333333332	9.666666666666666	9.5	-3.3666666666666667	-2.8333333333333335	-3.1	0.0
9.333333333333332	9.666666666666666	9.5	-2.8333333333333335	-2.3	-2.5666666666666664	0.0
9.333333333333332	9.666666666666666	9.5	-2.3	-1.7666666666666666	-2.033333333333333	0.0
9.333333333333332	9.666666666666666	9.5	-1.7666666666666666	-1.2333333333333334	-1.5	0.0
9.333333333333332	9.666666666666666	9.5	-1.2333333333333334	-0.7000000000000002	-0.9666666666666668	0.0
9.333333333333332	9.666666666666666	9.5	-0.7000000000000002	-0.16666666666666696	-0.43333333333333357	0.0
9.333333333333332	9.666666666666666	9.5	-0.16666666666666696	0.36666666666666625	0.09999999999999964	96065.0
9.333333333333332	9.666666666666666	9.5	0.36666666666666625	0.9000000000000004	0.6333333333333333	172004.0
9.333333333333332	9.666666666666666	9.5	0.9000000000000004	1.4333333333333336	1.166666666666667	0.0
9.333333333333332	9.666666666666666	9.5	1.4333333333333336	1.9666666666666668	1.7000000000000002	0.0
9.333333333333332	9.666666666666666	9.5	1.9666666666666668	2.5	2.2333333333333334	0.0
9.666666666666666	10.0	9.833333333333332	-5.5	-4.966666666666667	-5.233333333333333	0.0
9.666666666666666	10.0	9.833333333333332	-4.966666666666667	-4.433333333333334	-4.7	0.0
9.666666666666666	10.0	9.833333333333332	-4.433333333333334	-3.9	-4.166666666666667	0.0
9.666666666666666	10.0	9.833333333333332	-3.9	-3.3666666666666667	-3.6333333333333333	0.0
9.666666666666666	10.0	9.833333333333332	-3.3666666666666667	-2.8333333333333335	-3.1	0.0
9.666666666666666	10.0	9.833333333333332	-2.8333333333333335	-2.3	-2.5666666666666664	0.0
9.666666666666666	10.0	9.833333333333332	-2.3	-1.7666666666666666	-2.033333333333333	0.0
9.666666666666666	10.0	9.833333333333332	-1.7666666666666666	-1.2333333333333334	-1.5	0.0
9.666666666666666	10.0	9.833333333333332	-1.2333333333333334	-0.7000000000000002	-0.9666666666666668	0.0
9.666666666666666	10.0	9.833333333333332	-0.7000000000000002	-0.16666666666666696	-0.43333333333333357	32668.0
9.666666666666666	10.0	9.833333333333332	-0.16666666666666696	0.36666666666666625	0.09999999999999964	21170.0
9.666666666666666	10.0	9.833333333333332	0.36666666666666625	0.9000000000000004	0.6333333333333333	328058.0
9.666666666666666	10.0	9.833333333333332	0.9000000000000004	1.4333333333333336	1.166666666666667	22189.0
9.666666666666666	10.0	9.833333333333332	1.4333333333333336	1.9666666666666668	1.7000000000000002	24365.0
9.666666666666666	10.0	9.833333333333332	1.9666666666666668	2.5	2.2333333333333334	0.0
10.0	10.333333333333332	10.166666666666666	-5.5	-4.966666666666667	-5.233333333333333	0.0
10.0	10.333333333333332	10.166666666666666	-4.966666666666667	-4.433333333333334	-4.7	0.0
10.0	10.333333333333332	10.166666666666666	-4.433333333333334	-3.9	-4.166666666666667	0.0
10.0	10.333333333333332	10.166666666666666	-3.9	-3.3666666666666667	-3.6333333333333333	0.0
10.0	10.333333333333332	10.166666666666666	-3.3666666666666667	-2.8333333333333335	-3.1	0.0
10.0	10.333333333333332	10.166666666666666	-2.8333333333333335	-2.3	-2.5666666666666664	0.0
10.0	10.333333333333332	10.166666666666666	-2.3	-1.7666666666666666	-2.033333333333333	0.0
10.0	10.333333333333332	10.166666666666666	-1.7666666666666666	-1.2333333333333334	-1.5	0.0
10.0	10.333333333333332	10.166666666666666	-1.2333333333333334	-0.7000000000000002	-0.9666666666666668	0.0
10.0	10.333333333333332	10.166666666666666	-0.7000000000000002	-0.16666666666666696	-0.43333333333333357	0.0
10.0	10.333333333333332	10.166666666666666	-0.16666666666666696	0.36666666666666625	0.09999999999999964	0.0
10.0	10.333333333333332	10.166666666666666	0.36666666666666625	0.9000000000000004	0.6333333333333333	256377.0
10.0	10.333333333333332	10.166666666666666	0.9000000000000004	1.4333333333333336	1.166666666666667	130058.0
10.0	10.333333333333332	10.166666666666666	1.4333333333333336	1.9666666666666668	1.7000000000000002	0.0
10.0	10.333333333333332	10.166666666666666	1.9666666666666668	2.5	2.2333333333333334	0.0
10.333333333333332	10.666666666666666	10.5	-5.5	-4.966666666666667	-5.233333333333333	0.0
10.333333333333332	10.666666666666666	10.5	-4.966666666666667	-4.433333333333334	-4.7	0.0
10.333333333333332	10.666666666666666	10.5	-4.433333333333334	-3.9	-4.166666666666667	0.0
10.333333333333332	10.666666666666666	10.5	-3.9	-3.3666666666666667	-3.6333333333333333	0.0
10.333333333333332	10.666666666666666	10.5	-3.3666666666666667	-2.8333333333333335	-3.1	0.0
10.333333333333332	10.666666666666666	10.5	-2.8333333333333335	-2.3	-2.5666666666666664	0.0
10.333333333333332	10.666666666666666	10.5	-2.3	-1.7666666666666666	-2.033333333333333	0.0
10.333333333333332	10.666666666666666	10.5	-1.7666666666666666	-1.2333333333333334	-1.5	0.0
10.333333333333332	10.666666666666666	10.5	-1.2333333333333334	-0.7000000000000002	-0.9666666666666668	0.0
10.333333333333332	10.666666666666666	10.5	-0.7000000000000002	-0.16666666666666696	-0.43333333333333357	0.0
10.333333333333332	10.666666666666666	10.5	-0.16666666666666696	0.36666666666666625	0.09999999999999964	119283.0
10.333333333333332	10.666666666666666	10.5	0.36666666666666625	0.9000000000000004	0.6333333333333333	0.0
10.333333333333332	10.666666666666666	10.5	0.9000000000000004	1.4333333333333336	1.166666666666667	258019.0
10.333333333333332	10.666666666666666	10.5	1.4333333333333336	1.9666666666666668	1.7000000000000002	0.0
10.333333333333332	10.666666666666666	10.5	1.9666666666666668	2.5	2.2333333333333334	0.0
10.666666666666666	11.0	10.833333333333332	-5.5	-4.966666666666667	-5.233333333333333	0.0
10.666666666666666	11.0	10.833333333333332	-4.966666666666667	-4.433333333333334	-4.7	0.0
10.666666666666666	11.0	10.833333333333332	-4.433333333333334	-3.9	-4.166666666666667	0.0
10.666666666666666	11.0	10.833333333333332	-3.9	-3.3666666666666667	-3.6333333333333333	0.0
10.666666666666666	11.0	10.833333333333332	-3.3666666666666667	-2.8333333333333335	-3.1	0.0
10.666666666666666	11.0	10.833333333333332	-2.8333333333333335	-2.3	-2.5666666666666664	0.0
10.666666666666666	11.0	10.833333333333332	-2.3	-1.7666666666666666	-2.033333333333333	0.0
10.666666666666666	11.0	10.833333333333332	-1.7666666666666666	-1.2333333333333334	-1.5	0.0
10.666666666666666	11.0	10.833333333333332	-1.2333333333333334	-0.7000000000000002	-0.9666666666666668	0.0
10.666666666666666	11.0	10.833333333333332	-0.7000000000000002	-0.16666666666666696	-0.43333333333333357	0.0
10.666666666666666	11.0	10.833333333333332	-0.16666666666666696	0.36666666666666625	0.09999999999999964	0.0
10.666666666666666	11.0	10.833333333333332	0.36666666666666625	0.9000000000000004	0.6333333333333333	0.0
10.666666666666666	11.0	10.833333333333332	0.9000000000000004	1.4333333333333336	1.166666666666667	0.0
10.666666666666666	11.0	10.833333333333332	1.4333333333333336	1.9666666666666668	1.7000000000000002	0.0
10.666666666666666	11.0	10.833333333333332	1.9666666666666668	2.5	2.2333333333333334	0.0
11.0	11.333333333333332	11.166666666666666	-5.5	-4.966666666666667	-5.233333333333333	0.0
11.0	11.333333333333332	11.166666666666666	-4.966666666666667	-4.433333333333334	-4.7	0.0
11.0	11.333333333333332	11.166666666666666	-4.433333333333334	-3.9	-4.166666666666667	0.0
11.0	11.333333333333332	11.166666666666666	-3.9	-3.3666666666666667	-3.6333333333333333	0.0
11.0	11.333333333333332	11.166666666666666	-3.3666666666666667	-2.8333333333333335	-3.1	0.0
11.0	11.333333333333332	11.166666666666666	-2.8333333333333335	-2.3	-2.5666666666666664	0.0
11.0	11.333333333333332	11.166666666666666	-2.3	-1.7666666666666666	-2.033333333333333	0.0
11.0	11.333333333333332	11.166666666666666	-1.7666666666666666	-1.2333333333333334	-1.5	0.0
11.0	11.333333333333332	11.166666666666666	-1.2333333333333334	-0.7000000000000002	-0.9666666666666668	0.0
11.0	11.333333333333332	11.166666666666666	-0.7000000000000002	-0.16666666666666696	-0.43333333333333357	0.0
11.0	11.333333333333332	11.166666666666666	-0.16666666666666696	0.36666666666666625	0.09999999999999964	0.0
11.0	11.333333333333332	11.166666666666666	0.36666666666666625	0.9000000000000004	0.6333333333333333	0.0
11.0	11.333333333333332	11.166666666666666	0.9000000000000004	1.4333333333333336	1.166666666666667	0.0
11.0	11.333333333333332	11.166666666666666	1.4333333333333336	1.9666666666666668	1.7000000000000002	0.0
11.0	11.333333333333332	11.166666666666666	1.9666666666666668	2.5	2.2333333333333334	0.0
11.333333333333332	11.666666666666666	11.5	-5.5	-4.966666666666667	-5.233333333333333	0.0
11.333333333333332	11.666666666666666	11.5	-4.966666666666667	-4.433333333333334	-4.7	0.0
11.333333333333332	11.666666666666666	11.5	-4.433333333333334	-3.9	-4.166666666666667	0.0
11.333333333333332	11.666666666666666	11.5	-3.9	-3.3666666666666667	-3.6333333333333333	0.0
11.333333333333332	11.666666666666666	11.5	-3.3666666666666667	-2.8333333333333335	-3.1	0.0
11.333333333333332	11.666666666666666	11.5	-2.8333333333333335	-2.3	-2.5666666666666664	0.0
11.333333333333332	11.666666666666666	11.5	-2.3	-1.7666666666666666	-2.033333333333333	0.0
11.333333333333332	11.666666666666666	11.5	-1.7666666666666666	-1.2333333333333334	-1.5	0.0
11.333333333333332	11.666666666666666	11.5	-1.2333333333333334	-0.7000000000000002	-0.9666666666666668	0.0
11.333333333333332	11.666666666666666	11.5	-0.7000000000000002	-0.16666666666666696	-0.43333333333333357	0.0
11.333333333333332	11.666666666666666	11.5	-0.16666666666666696	0.36666666666666625	0.09999999999999964	0.0
11.333333333333332	11.666666666666666	11.5	0.36666666666666625	0.9000000000000004	0.6333333333333333	0.0
11.333333333333332	11.666666666666666	11.5	0.9000000000000004	1.4333333333333336	1.166666666666667	0.0
11.333333333333332	11.666666666666666	11.5	1.4333333333333336	1.9666666666666668	1.7000000000000002	0.0
11.333333333333332	11.666666666666666	11.5	1.9666666666666668	2.5	2.2333333333333334	0.0
11.666666666666666	12.0	11.833333333333332	-5.5	-4.966666666666667	-5.233333333333333	0.0
11.666666666666666	12.0	11.833333333333332	-4.966666666666667	-4.433333333333334	-4.7	0.0
11.666666666666666	12.0	11.833333333333332	-4.433333333333334	-3.9	-4.166666666666667	0.0
11.666666666666666	12.0	11.833333333333332	-3.9	-3.3666666666666667	-3.6333333333333333	0.0
11.666666666666666	12.0	11.833333333333332	-3.3666666666666667	-2.8333333333333335	-3.1	0.0
11.666666666666666	12.0	11.833333333333332	-2.8333333333333335	-2.3	-2.5666666666666664	0.0
11.666666666666666	12.0	11.833333333333332	-2.3	-1.7666666666666666	-2.033333333333333	0.0
11.666666666666666	12.0	11.833333333333332	-1.7666666666666666	-1.2333333333333334	-1.5	0.0
11.666666666666666	12.0	11.833333333333332	-1.2333333333333334	-0.7000000000000002	-0.9666666666666668	0.0
11.666666666666666	12.0	11.833333333333332	-0.7000000000000002	-0.16666666666666696	-0.43333333333333357	0.0
11.666666666666666	12.0	11.833333333333332	-0.16666666666666696	0.36666666666666625	0.09999999999999964	0.0
11.666666666666666	12.0	11.833333333333332	0.36666666666666625	0.9000000000000004	0.6333333333333333	0.0
11.666666666666666	12.0	11.833333333333332	0.9000000000000004	1.4333333333333336	1.166666666666667	0.0
11.666666666666666	12.0	11.833333333333332	1.4333333333333336	1.9666666666666668	1.7000000000000002	0.0
11.666666666666666	12.0	11.833333333333332	1.9666666666666668	2.5	2.2333333333333334	0.0
