#logMsmin    logMsmax    logSFRmin    logSFRmax    Prob
7.0  7.229166666666667  -5.5  -5.166666666666667  0.0
7.0  7.229166666666667  -5.166666666666667  -4.833333333333333  0.0
7.0  7.229166666666667  -4.833333333333333  -4.5  0.0
7.0  7.229166666666667  -4.5  -4.166666666666667  0.0
7.0  7.229166666666667  -4.166666666666667  -3.8333333333333335  0.00035520537328855587
7.0  7.229166666666667  -3.8333333333333335  -3.5  0.0004094087906410303
7.0  7.229166666666667  -3.5  -3.166666666666667  0.000826313798575488
7.0  7.229166666666667  -3.166666666666667  -2.8333333333333335  0.0007167536996715503
7.0  7.229166666666667  -2.8333333333333335  -2.5  0.0014404269845370334
7.0  7.229166666666667  -2.5  -2.166666666666667  0.0017448887330700816
7.0  7.229166666666667  -2.166666666666667  -1.8333333333333335  0.0025118094253976453
7.0  7.229166666666667  -1.8333333333333335  -1.5  0.0020412776322102076
7.0  7.229166666666667  -1.5  -1.166666666666667  0.0004255544894268738
7.0  7.229166666666667  -1.166666666666667  -0.8333333333333339  0.00028658615344872126
7.0  7.229166666666667  -0.8333333333333339  -0.5  8.015186182972285e-05
7.0  7.229166666666667  -0.5  -0.16666666666666696  2.710170867623722e-05
7.0  7.229166666666667  -0.16666666666666696  0.16666666666666607  0.0
7.0  7.229166666666667  0.16666666666666607  0.5  0.0
7.0  7.229166666666667  0.5  0.833333333333333  0.0
7.0  7.229166666666667  0.833333333333333  1.166666666666666  0.0
7.0  7.229166666666667  1.166666666666666  1.5  0.0
7.0  7.229166666666667  1.5  1.833333333333333  0.0
7.0  7.229166666666667  1.833333333333333  2.166666666666666  0.0
7.0  7.229166666666667  2.166666666666666  2.5  0.0
7.229166666666667  7.458333333333333  -5.5  -5.166666666666667  0.0
7.229166666666667  7.458333333333333  -5.166666666666667  -4.833333333333333  0.0
7.229166666666667  7.458333333333333  -4.833333333333333  -4.5  0.0
7.229166666666667  7.458333333333333  -4.5  -4.166666666666667  0.0
7.229166666666667  7.458333333333333  -4.166666666666667  -3.8333333333333335  0.0002006679706240543
7.229166666666667  7.458333333333333  -3.8333333333333335  -3.5  0.0001539607705650072
7.229166666666667  7.458333333333333  -3.5  -3.166666666666667  0.0003079215411300144
7.229166666666667  7.458333333333333  -3.166666666666667  -2.8333333333333335  0.00079517566520279
7.229166666666667  7.458333333333333  -2.8333333333333335  -2.5  0.001101367310034321
7.229166666666667  7.458333333333333  -2.5  -2.166666666666667  0.002196391666974204
7.229166666666667  7.458333333333333  -2.166666666666667  -1.8333333333333335  0.0034926606266376353
7.229166666666667  7.458333333333333  -1.8333333333333335  -1.5  0.0030030999741668817
7.229166666666667  7.458333333333333  -1.5  -1.166666666666667  0.0014640689006163044
7.229166666666667  7.458333333333333  -1.166666666666667  -0.8333333333333339  0.0010512003173783076
7.229166666666667  7.458333333333333  -0.8333333333333339  -0.5  8.822471122264458e-05
7.229166666666667  7.458333333333333  -0.5  -0.16666666666666696  5.76632099494409e-06
7.229166666666667  7.458333333333333  -0.16666666666666696  0.16666666666666607  0.0
7.229166666666667  7.458333333333333  0.16666666666666607  0.5  0.0
7.229166666666667  7.458333333333333  0.5  0.833333333333333  0.0
7.229166666666667  7.458333333333333  0.833333333333333  1.166666666666666  0.0
7.229166666666667  7.458333333333333  1.166666666666666  1.5  0.0
7.229166666666667  7.458333333333333  1.5  1.833333333333333  0.0
7.229166666666667  7.458333333333333  1.833333333333333  2.166666666666666  0.0
7.229166666666667  7.458333333333333  2.166666666666666  2.5  0.0
7.458333333333333  7.6875  -5.5  -5.166666666666667  0.0
7.458333333333333  7.6875  -5.166666666666667  -4.833333333333333  0.0
7.458333333333333  7.6875  -4.833333333333333  -4.5  0.0
7.458333333333333  7.6875  -4.5  -4.166666666666667  0.0
7.458333333333333  7.6875  -4.166666666666667  -3.8333333333333335  0.0002462219064841126
7.458333333333333  7.6875  -3.8333333333333335  -3.5  0.0
7.458333333333333  7.6875  -3.5  -3.166666666666667  0.0008257371664759937
7.458333333333333  7.6875  -3.166666666666667  -2.8333333333333335  0.001028135033398531
7.458333333333333  7.6875  -2.8333333333333335  -2.5  0.0014784847031036647
7.458333333333333  7.6875  -2.5  -2.166666666666667  0.0017350859873786768
7.458333333333333  7.6875  -2.166666666666667  -1.8333333333333335  0.004028351847067941
7.458333333333333  7.6875  -1.8333333333333335  -1.5  0.005641768461453298
7.458333333333333  7.6875  -1.5  -1.166666666666667  0.0059029828025242625
7.458333333333333  7.6875  -1.166666666666667  -0.8333333333333339  0.00286816806288519
7.458333333333333  7.6875  -0.8333333333333339  -0.5  0.00030042532383658705
7.458333333333333  7.6875  -0.5  -0.16666666666666696  9.975735321253275e-05
7.458333333333333  7.6875  -0.16666666666666696  0.16666666666666607  0.0
7.458333333333333  7.6875  0.16666666666666607  0.5  0.0
7.458333333333333  7.6875  0.5  0.833333333333333  0.0
7.458333333333333  7.6875  0.833333333333333  1.166666666666666  0.0
7.458333333333333  7.6875  1.166666666666666  1.5  0.0
7.458333333333333  7.6875  1.5  1.833333333333333  0.0
7.458333333333333  7.6875  1.833333333333333  2.166666666666666  0.0
7.458333333333333  7.6875  2.166666666666666  2.5  0.0
7.6875  7.916666666666667  -5.5  -5.166666666666667  0.0
7.6875  7.916666666666667  -5.166666666666667  -4.833333333333333  0.0
7.6875  7.916666666666667  -4.833333333333333  -4.5  0.0
7.6875  7.916666666666667  -4.5  -4.166666666666667  0.0
7.6875  7.916666666666667  -4.166666666666667  -3.8333333333333335  0.0
7.6875  7.916666666666667  -3.8333333333333335  -3.5  0.0
7.6875  7.916666666666667  -3.5  -3.166666666666667  0.0
7.6875  7.916666666666667  -3.166666666666667  -2.8333333333333335  0.0
7.6875  7.916666666666667  -2.8333333333333335  -2.5  0.00031022806952799205
7.6875  7.916666666666667  -2.5  -2.166666666666667  0.0016422482193600766
7.6875  7.916666666666667  -2.166666666666667  -1.8333333333333335  0.003087288260693066
7.6875  7.916666666666667  -1.8333333333333335  -1.5  0.007839890024725984
7.6875  7.916666666666667  -1.5  -1.166666666666667  0.009540378086134997
7.6875  7.916666666666667  -1.166666666666667  -0.8333333333333339  0.006674516551647785
7.6875  7.916666666666667  -0.8333333333333339  -0.5  0.0018383031331881757
7.6875  7.916666666666667  -0.5  -0.16666666666666696  3.690445436764217e-05
7.6875  7.916666666666667  -0.16666666666666696  0.16666666666666607  0.0
7.6875  7.916666666666667  0.16666666666666607  0.5  0.0
7.6875  7.916666666666667  0.5  0.833333333333333  0.0
7.6875  7.916666666666667  0.833333333333333  1.166666666666666  0.0
7.6875  7.916666666666667  1.166666666666666  1.5  0.0
7.6875  7.916666666666667  1.5  1.833333333333333  0.0
7.6875  7.916666666666667  1.833333333333333  2.166666666666666  0.0
7.6875  7.916666666666667  2.166666666666666  2.5  0.0
7.916666666666667  8.145833333333334  -5.5  -5.166666666666667  0.0
7.916666666666667  8.145833333333334  -5.166666666666667  -4.833333333333333  0.0
7.916666666666667  8.145833333333334  -4.833333333333333  -4.5  0.0
7.916666666666667  8.145833333333334  -4.5  -4.166666666666667  0.0
7.916666666666667  8.145833333333334  -4.166666666666667  -3.8333333333333335  0.0
7.916666666666667  8.145833333333334  -3.8333333333333335  -3.5  0.0
7.916666666666667  8.145833333333334  -3.5  -3.166666666666667  0.0
7.916666666666667  8.145833333333334  -3.166666666666667  -2.8333333333333335  0.0
7.916666666666667  8.145833333333334  -2.8333333333333335  -2.5  0.0
7.916666666666667  8.145833333333334  -2.5  -2.166666666666667  0.0008868601690224008
7.916666666666667  8.145833333333334  -2.166666666666667  -1.8333333333333335  0.0016261025205742332
7.916666666666667  8.145833333333334  -1.8333333333333335  -1.5  0.0019155718345204263
7.916666666666667  8.145833333333334  -1.5  -1.166666666666667  0.00799096763479352
7.916666666666667  8.145833333333334  -1.166666666666667  -0.8333333333333339  0.01427914067978005
7.916666666666667  8.145833333333334  -0.8333333333333339  -0.5  0.007609813817027715
7.916666666666667  8.145833333333334  -0.5  -0.16666666666666696  0.0012847363176735432
7.916666666666667  8.145833333333334  -0.16666666666666696  0.16666666666666607  0.0
7.916666666666667  8.145833333333334  0.16666666666666607  0.5  0.0
7.916666666666667  8.145833333333334  0.5  0.833333333333333  0.0
7.916666666666667  8.145833333333334  0.833333333333333  1.166666666666666  0.0
7.916666666666667  8.145833333333334  1.166666666666666  1.5  0.0
7.916666666666667  8.145833333333334  1.5  1.833333333333333  0.0
7.916666666666667  8.145833333333334  1.833333333333333  2.166666666666666  0.0
7.916666666666667  8.145833333333334  2.166666666666666  2.5  0.0
8.145833333333334  8.375  -5.5  -5.166666666666667  0.0
8.145833333333334  8.375  -5.166666666666667  -4.833333333333333  0.0
8.145833333333334  8.375  -4.833333333333333  -4.5  0.0
8.145833333333334  8.375  -4.5  -4.166666666666667  0.0
8.145833333333334  8.375  -4.166666666666667  -3.8333333333333335  0.0
8.145833333333334  8.375  -3.8333333333333335  -3.5  0.0
8.145833333333334  8.375  -3.5  -3.166666666666667  0.0
8.145833333333334  8.375  -3.166666666666667  -2.8333333333333335  0.0
8.145833333333334  8.375  -2.8333333333333335  -2.5  0.0004457366129091781
8.145833333333334  8.375  -2.5  -2.166666666666667  0.0
8.145833333333334  8.375  -2.166666666666667  -1.8333333333333335  0.0005962375908772188
8.145833333333334  8.375  -1.8333333333333335  -1.5  0.0009768147765435288
8.145833333333334  8.375  -1.5  -1.166666666666667  0.004837943314758092
8.145833333333334  8.375  -1.166666666666667  -0.8333333333333339  0.011246632468538954
8.145833333333334  8.375  -0.8333333333333339  -0.5  0.016932224969553825
8.145833333333334  8.375  -0.5  -0.16666666666666696  0.00558064545890689
8.145833333333334  8.375  -0.16666666666666696  0.16666666666666607  0.0
8.145833333333334  8.375  0.16666666666666607  0.5  0.0
8.145833333333334  8.375  0.5  0.833333333333333  0.0
8.145833333333334  8.375  0.833333333333333  1.166666666666666  0.0
8.145833333333334  8.375  1.166666666666666  1.5  0.0
8.145833333333334  8.375  1.5  1.833333333333333  0.0
8.145833333333334  8.375  1.833333333333333  2.166666666666666  0.0
8.145833333333334  8.375  2.166666666666666  2.5  0.0
8.375  8.604166666666666  -5.5  -5.166666666666667  0.0
8.375  8.604166666666666  -5.166666666666667  -4.833333333333333  0.0
8.375  8.604166666666666  -4.833333333333333  -4.5  0.0
8.375  8.604166666666666  -4.5  -4.166666666666667  0.0
8.375  8.604166666666666  -4.166666666666667  -3.8333333333333335  0.0
8.375  8.604166666666666  -3.8333333333333335  -3.5  0.0
8.375  8.604166666666666  -3.5  -3.166666666666667  0.0
8.375  8.604166666666666  -3.166666666666667  -2.8333333333333335  0.0
8.375  8.604166666666666  -2.8333333333333335  -2.5  0.0
8.375  8.604166666666666  -2.5  -2.166666666666667  0.0
8.375  8.604166666666666  -2.166666666666667  -1.8333333333333335  0.0
8.375  8.604166666666666  -1.8333333333333335  -1.5  0.0
8.375  8.604166666666666  -1.5  -1.166666666666667  0.0005339613241318227
8.375  8.604166666666666  -1.166666666666667  -0.8333333333333339  0.005935850832195446
8.375  8.604166666666666  -0.8333333333333339  -0.5  0.02316331143669041
8.375  8.604166666666666  -0.5  -0.16666666666666696  0.01936676569361922
8.375  8.604166666666666  -0.16666666666666696  0.16666666666666607  0.002808774956637266
8.375  8.604166666666666  0.16666666666666607  0.5  0.0008297735911724545
8.375  8.604166666666666  0.5  0.833333333333333  0.0
8.375  8.604166666666666  0.833333333333333  1.166666666666666  0.0
8.375  8.604166666666666  1.166666666666666  1.5  0.0
8.375  8.604166666666666  1.5  1.833333333333333  0.0
8.375  8.604166666666666  1.833333333333333  2.166666666666666  0.0
8.375  8.604166666666666  2.166666666666666  2.5  0.0
8.604166666666666  8.833333333333334  -5.5  -5.166666666666667  0.0
8.604166666666666  8.833333333333334  -5.166666666666667  -4.833333333333333  0.0
8.604166666666666  8.833333333333334  -4.833333333333333  -4.5  0.0
8.604166666666666  8.833333333333334  -4.5  -4.166666666666667  0.0
8.604166666666666  8.833333333333334  -4.166666666666667  -3.8333333333333335  0.0
8.604166666666666  8.833333333333334  -3.8333333333333335  -3.5  0.0
8.604166666666666  8.833333333333334  -3.5  -3.166666666666667  0.0
8.604166666666666  8.833333333333334  -3.166666666666667  -2.8333333333333335  0.0
8.604166666666666  8.833333333333334  -2.8333333333333335  -2.5  0.0
8.604166666666666  8.833333333333334  -2.5  -2.166666666666667  0.0
8.604166666666666  8.833333333333334  -2.166666666666667  -1.8333333333333335  0.0
8.604166666666666  8.833333333333334  -1.8333333333333335  -1.5  0.0
8.604166666666666  8.833333333333334  -1.5  -1.166666666666667  0.0
8.604166666666666  8.833333333333334  -1.166666666666667  -0.8333333333333339  0.0009399103221758866
8.604166666666666  8.833333333333334  -0.8333333333333339  -0.5  0.0053580654685020475
8.604166666666666  8.833333333333334  -0.5  -0.16666666666666696  0.030707389194375764
8.604166666666666  8.833333333333334  -0.16666666666666696  0.16666666666666607  0.012679563235782558
8.604166666666666  8.833333333333334  0.16666666666666607  0.5  0.0
8.604166666666666  8.833333333333334  0.5  0.833333333333333  0.0
8.604166666666666  8.833333333333334  0.833333333333333  1.166666666666666  0.0
8.604166666666666  8.833333333333334  1.166666666666666  1.5  0.0
8.604166666666666  8.833333333333334  1.5  1.833333333333333  0.0
8.604166666666666  8.833333333333334  1.833333333333333  2.166666666666666  0.0
8.604166666666666  8.833333333333334  2.166666666666666  2.5  0.0
8.833333333333334  9.0625  -5.5  -5.166666666666667  0.0
8.833333333333334  9.0625  -5.166666666666667  -4.833333333333333  0.0
8.833333333333334  9.0625  -4.833333333333333  -4.5  0.0
8.833333333333334  9.0625  -4.5  -4.166666666666667  0.0
8.833333333333334  9.0625  -4.166666666666667  -3.8333333333333335  0.0
8.833333333333334  9.0625  -3.8333333333333335  -3.5  0.0
8.833333333333334  9.0625  -3.5  -3.166666666666667  0.0
8.833333333333334  9.0625  -3.166666666666667  -2.8333333333333335  0.0
8.833333333333334  9.0625  -2.8333333333333335  -2.5  0.0
8.833333333333334  9.0625  -2.5  -2.166666666666667  0.0
8.833333333333334  9.0625  -2.166666666666667  -1.8333333333333335  0.0
8.833333333333334  9.0625  -1.8333333333333335  -1.5  0.0
8.833333333333334  9.0625  -1.5  -1.166666666666667  0.0
8.833333333333334  9.0625  -1.166666666666667  -0.8333333333333339  0.0
8.833333333333334  9.0625  -0.8333333333333339  -0.5  0.0030365446359375574
8.833333333333334  9.0625  -0.5  -0.16666666666666696  0.016995077868398715
8.833333333333334  9.0625  -0.16666666666666696  0.16666666666666607  0.043394448647451754
8.833333333333334  9.0625  0.16666666666666607  0.5  0.005359218732701037
8.833333333333334  9.0625  0.5  0.833333333333333  0.0
8.833333333333334  9.0625  0.833333333333333  1.166666666666666  0.0
8.833333333333334  9.0625  1.166666666666666  1.5  0.0
8.833333333333334  9.0625  1.5  1.833333333333333  0.0
8.833333333333334  9.0625  1.833333333333333  2.166666666666666  0.0
8.833333333333334  9.0625  2.166666666666666  2.5  0.0
9.0625  9.291666666666666  -5.5  -5.166666666666667  0.0
9.0625  9.291666666666666  -5.166666666666667  -4.833333333333333  0.0
9.0625  9.291666666666666  -4.833333333333333  -4.5  0.0
9.0625  9.291666666666666  -4.5  -4.166666666666667  0.0
9.0625  9.291666666666666  -4.166666666666667  -3.8333333333333335  0.0
9.0625  9.291666666666666  -3.8333333333333335  -3.5  0.0
9.0625  9.291666666666666  -3.5  -3.166666666666667  0.0
9.0625  9.291666666666666  -3.166666666666667  -2.8333333333333335  0.0
9.0625  9.291666666666666  -2.8333333333333335  -2.5  0.0
9.0625  9.291666666666666  -2.5  -2.166666666666667  0.0
9.0625  9.291666666666666  -2.166666666666667  -1.8333333333333335  0.0
9.0625  9.291666666666666  -1.8333333333333335  -1.5  0.0
9.0625  9.291666666666666  -1.5  -1.166666666666667  0.0
9.0625  9.291666666666666  -1.166666666666667  -0.8333333333333339  0.0
9.0625  9.291666666666666  -0.8333333333333339  -0.5  0.0
9.0625  9.291666666666666  -0.5  -0.16666666666666696  0.0020493504816031295
9.0625  9.291666666666666  -0.16666666666666696  0.16666666666666607  0.022417149499944646
9.0625  9.291666666666666  0.16666666666666607  0.5  0.05434123242425361
9.0625  9.291666666666666  0.5  0.833333333333333  0.0
9.0625  9.291666666666666  0.833333333333333  1.166666666666666  0.0
9.0625  9.291666666666666  1.166666666666666  1.5  0.0
9.0625  9.291666666666666  1.5  1.833333333333333  0.0
9.0625  9.291666666666666  1.833333333333333  2.166666666666666  0.0
9.0625  9.291666666666666  2.166666666666666  2.5  0.0
9.291666666666666  9.520833333333332  -5.5  -5.166666666666667  0.0
9.291666666666666  9.520833333333332  -5.166666666666667  -4.833333333333333  0.0
9.291666666666666  9.520833333333332  -4.833333333333333  -4.5  0.0
9.291666666666666  9.520833333333332  -4.5  -4.166666666666667  0.0
9.291666666666666  9.520833333333332  -4.166666666666667  -3.8333333333333335  0.0
9.291666666666666  9.520833333333332  -3.8333333333333335  -3.5  0.0
9.291666666666666  9.520833333333332  -3.5  -3.166666666666667  0.0
9.291666666666666  9.520833333333332  -3.166666666666667  -2.8333333333333335  0.0
9.291666666666666  9.520833333333332  -2.8333333333333335  -2.5  0.0
9.291666666666666  9.520833333333332  -2.5  -2.166666666666667  0.0
9.291666666666666  9.520833333333332  -2.166666666666667  -1.8333333333333335  0.0
9.291666666666666  9.520833333333332  -1.8333333333333335  -1.5  0.0
9.291666666666666  9.520833333333332  -1.5  -1.166666666666667  0.0
9.291666666666666  9.520833333333332  -1.166666666666667  -0.8333333333333339  0.0
9.291666666666666  9.520833333333332  -0.8333333333333339  -0.5  0.0
9.291666666666666  9.520833333333332  -0.5  -0.16666666666666696  0.0
9.291666666666666  9.520833333333332  -0.16666666666666696  0.16666666666666607  0.002984647746983061
9.291666666666666  9.520833333333332  0.16666666666666607  0.5  0.04967108905044838
9.291666666666666  9.520833333333332  0.5  0.833333333333333  0.0258354245857475
9.291666666666666  9.520833333333332  0.833333333333333  1.166666666666666  0.0
9.291666666666666  9.520833333333332  1.166666666666666  1.5  0.0
9.291666666666666  9.520833333333332  1.5  1.833333333333333  0.0
9.291666666666666  9.520833333333332  1.833333333333333  2.166666666666666  0.0
9.291666666666666  9.520833333333332  2.166666666666666  2.5  0.0
9.520833333333332  9.75  -5.5  -5.166666666666667  0.0
9.520833333333332  9.75  -5.166666666666667  -4.833333333333333  0.0
9.520833333333332  9.75  -4.833333333333333  -4.5  0.0
9.520833333333332  9.75  -4.5  -4.166666666666667  0.0
9.520833333333332  9.75  -4.166666666666667  -3.8333333333333335  0.0
9.520833333333332  9.75  -3.8333333333333335  -3.5  0.0
9.520833333333332  9.75  -3.5  -3.166666666666667  0.0
9.520833333333332  9.75  -3.166666666666667  -2.8333333333333335  0.0
9.520833333333332  9.75  -2.8333333333333335  -2.5  0.0
9.520833333333332  9.75  -2.5  -2.166666666666667  0.0
9.520833333333332  9.75  -2.166666666666667  -1.8333333333333335  0.0
9.520833333333332  9.75  -1.8333333333333335  -1.5  0.0
9.520833333333332  9.75  -1.5  -1.166666666666667  0.0
9.520833333333332  9.75  -1.166666666666667  -0.8333333333333339  0.0
9.520833333333332  9.75  -0.8333333333333339  -0.5  0.0
9.520833333333332  9.75  -0.5  -0.16666666666666696  0.0
9.520833333333332  9.75  -0.16666666666666696  0.16666666666666607  0.0
9.520833333333332  9.75  0.16666666666666607  0.5  0.03126787559508433
9.520833333333332  9.75  0.5  0.833333333333333  0.08696592334944829
9.520833333333332  9.75  0.833333333333333  1.166666666666666  0.010815311658117135
9.520833333333332  9.75  1.166666666666666  1.5  0.0
9.520833333333332  9.75  1.5  1.833333333333333  0.0
9.520833333333332  9.75  1.833333333333333  2.166666666666666  0.0
9.520833333333332  9.75  2.166666666666666  2.5  0.0
9.75  9.979166666666666  -5.5  -5.166666666666667  0.0
9.75  9.979166666666666  -5.166666666666667  -4.833333333333333  0.0
9.75  9.979166666666666  -4.833333333333333  -4.5  0.0
9.75  9.979166666666666  -4.5  -4.166666666666667  0.0
9.75  9.979166666666666  -4.166666666666667  -3.8333333333333335  0.0
9.75  9.979166666666666  -3.8333333333333335  -3.5  0.0
9.75  9.979166666666666  -3.5  -3.166666666666667  0.0
9.75  9.979166666666666  -3.166666666666667  -2.8333333333333335  0.0
9.75  9.979166666666666  -2.8333333333333335  -2.5  0.0
9.75  9.979166666666666  -2.5  -2.166666666666667  0.0
9.75  9.979166666666666  -2.166666666666667  -1.8333333333333335  0.0
9.75  9.979166666666666  -1.8333333333333335  -1.5  0.0
9.75  9.979166666666666  -1.5  -1.166666666666667  0.0
9.75  9.979166666666666  -1.166666666666667  -0.8333333333333339  0.0
9.75  9.979166666666666  -0.8333333333333339  -0.5  0.004139065210170868
9.75  9.979166666666666  -0.5  -0.16666666666666696  0.0
9.75  9.979166666666666  -0.16666666666666696  0.16666666666666607  0.005247352105399121
9.75  9.979166666666666  0.16666666666666607  0.5  0.01143980422186958
9.75  9.979166666666666  0.5  0.833333333333333  0.036520994021478397
9.75  9.979166666666666  0.833333333333333  1.166666666666666  0.013796499612503227
9.75  9.979166666666666  1.166666666666666  1.5  0.01530439255268111
9.75  9.979166666666666  1.5  1.833333333333333  0.0
9.75  9.979166666666666  1.833333333333333  2.166666666666666  0.0
9.75  9.979166666666666  2.166666666666666  2.5  0.0
9.979166666666666  10.208333333333332  -5.5  -5.166666666666667  0.0
9.979166666666666  10.208333333333332  -5.166666666666667  -4.833333333333333  0.0
9.979166666666666  10.208333333333332  -4.833333333333333  -4.5  0.0
9.979166666666666  10.208333333333332  -4.5  -4.166666666666667  0.0
9.979166666666666  10.208333333333332  -4.166666666666667  -3.8333333333333335  0.0
9.979166666666666  10.208333333333332  -3.8333333333333335  -3.5  0.0
9.979166666666666  10.208333333333332  -3.5  -3.166666666666667  0.0
9.979166666666666  10.208333333333332  -3.166666666666667  -2.8333333333333335  0.0
9.979166666666666  10.208333333333332  -2.8333333333333335  -2.5  0.0
9.979166666666666  10.208333333333332  -2.5  -2.166666666666667  0.0
9.979166666666666  10.208333333333332  -2.166666666666667  -1.8333333333333335  0.0
9.979166666666666  10.208333333333332  -1.8333333333333335  -1.5  0.0
9.979166666666666  10.208333333333332  -1.5  -1.166666666666667  0.0
9.979166666666666  10.208333333333332  -1.166666666666667  -0.8333333333333339  0.0
9.979166666666666  10.208333333333332  -0.8333333333333339  -0.5  0.0
9.979166666666666  10.208333333333332  -0.5  -0.16666666666666696  0.0
9.979166666666666  10.208333333333332  -0.16666666666666696  0.16666666666666607  0.0
9.979166666666666  10.208333333333332  0.16666666666666607  0.5  0.003707167767649555
9.979166666666666  10.208333333333332  0.5  0.833333333333333  0.010896040152046352
9.979166666666666  10.208333333333332  0.833333333333333  1.166666666666666  0.11169133114366903
9.979166666666666  10.208333333333332  1.166666666666666  1.5  0.05224978779938739
9.979166666666666  10.208333333333332  1.5  1.833333333333333  0.0
9.979166666666666  10.208333333333332  1.833333333333333  2.166666666666666  0.0
9.979166666666666  10.208333333333332  2.166666666666666  2.5  0.0
10.208333333333332  10.4375  -5.5  -5.166666666666667  0.0
10.208333333333332  10.4375  -5.166666666666667  -4.833333333333333  0.0
10.208333333333332  10.4375  -4.833333333333333  -4.5  0.0
10.208333333333332  10.4375  -4.5  -4.166666666666667  0.0
10.208333333333332  10.4375  -4.166666666666667  -3.8333333333333335  0.0
10.208333333333332  10.4375  -3.8333333333333335  -3.5  0.0
10.208333333333332  10.4375  -3.5  -3.166666666666667  0.0
10.208333333333332  10.4375  -3.166666666666667  -2.8333333333333335  0.0
10.208333333333332  10.4375  -2.8333333333333335  -2.5  0.0
10.208333333333332  10.4375  -2.5  -2.166666666666667  0.0
10.208333333333332  10.4375  -2.166666666666667  -1.8333333333333335  0.0
10.208333333333332  10.4375  -1.8333333333333335  -1.5  0.0
10.208333333333332  10.4375  -1.5  -1.166666666666667  0.0
10.208333333333332  10.4375  -1.166666666666667  -0.8333333333333339  0.0
10.208333333333332  10.4375  -0.8333333333333339  -0.5  0.0
10.208333333333332  10.4375  -0.5  -0.16666666666666696  0.0
10.208333333333332  10.4375  -0.16666666666666696  0.16666666666666607  0.0
10.208333333333332  10.4375  0.16666666666666607  0.5  0.0
10.208333333333332  10.4375  0.5  0.833333333333333  0.017053894342547147
10.208333333333332  10.4375  0.833333333333333  1.166666666666666  0.009822351182787762
10.208333333333332  10.4375  1.166666666666666  1.5  0.036328398900247263
10.208333333333332  10.4375  1.5  1.833333333333333  0.0
10.208333333333332  10.4375  1.833333333333333  2.166666666666666  0.0
10.208333333333332  10.4375  2.166666666666666  2.5  0.0
10.4375  10.666666666666666  -5.5  -5.166666666666667  0.0
10.4375  10.666666666666666  -5.166666666666667  -4.833333333333333  0.0
10.4375  10.666666666666666  -4.833333333333333  -4.5  0.0
10.4375  10.666666666666666  -4.5  -4.166666666666667  0.0
10.4375  10.666666666666666  -4.166666666666667  -3.8333333333333335  0.0
10.4375  10.666666666666666  -3.8333333333333335  -3.5  0.0
10.4375  10.666666666666666  -3.5  -3.166666666666667  0.0
10.4375  10.666666666666666  -3.166666666666667  -2.8333333333333335  0.0
10.4375  10.666666666666666  -2.8333333333333335  -2.5  0.0
10.4375  10.666666666666666  -2.5  -2.166666666666667  0.0
10.4375  10.666666666666666  -2.166666666666667  -1.8333333333333335  0.0
10.4375  10.666666666666666  -1.8333333333333335  -1.5  0.0
10.4375  10.666666666666666  -1.5  -1.166666666666667  0.0
10.4375  10.666666666666666  -1.166666666666667  -0.8333333333333339  0.0
10.4375  10.666666666666666  -0.8333333333333339  -0.5  0.0
10.4375  10.666666666666666  -0.5  -0.16666666666666696  0.0
10.4375  10.666666666666666  -0.16666666666666696  0.16666666666666607  0.0
10.4375  10.666666666666666  0.16666666666666607  0.5  0.0
10.4375  10.666666666666666  0.5  0.833333333333333  0.0
10.4375  10.666666666666666  0.833333333333333  1.166666666666666  0.0
10.4375  10.666666666666666  1.166666666666666  1.5  0.025290507251725283
10.4375  10.666666666666666  1.5  1.833333333333333  0.03299546536516958
10.4375  10.666666666666666  1.833333333333333  2.166666666666666  0.0
10.4375  10.666666666666666  2.166666666666666  2.5  0.0
10.666666666666666  10.895833333333332  -5.5  -5.166666666666667  0.0
10.666666666666666  10.895833333333332  -5.166666666666667  -4.833333333333333  0.0
10.666666666666666  10.895833333333332  -4.833333333333333  -4.5  0.0
10.666666666666666  10.895833333333332  -4.5  -4.166666666666667  0.0
10.666666666666666  10.895833333333332  -4.166666666666667  -3.8333333333333335  0.0
10.666666666666666  10.895833333333332  -3.8333333333333335  -3.5  0.0
10.666666666666666  10.895833333333332  -3.5  -3.166666666666667  0.0
10.666666666666666  10.895833333333332  -3.166666666666667  -2.8333333333333335  0.0
10.666666666666666  10.895833333333332  -2.8333333333333335  -2.5  0.0
10.666666666666666  10.895833333333332  -2.5  -2.166666666666667  0.0
10.666666666666666  10.895833333333332  -2.166666666666667  -1.8333333333333335  0.0
10.666666666666666  10.895833333333332  -1.8333333333333335  -1.5  0.0
10.666666666666666  10.895833333333332  -1.5  -1.166666666666667  0.0
10.666666666666666  10.895833333333332  -1.166666666666667  -0.8333333333333339  0.0
10.666666666666666  10.895833333333332  -0.8333333333333339  -0.5  0.0
10.666666666666666  10.895833333333332  -0.5  -0.16666666666666696  0.0
10.666666666666666  10.895833333333332  -0.16666666666666696  0.16666666666666607  0.0
10.666666666666666  10.895833333333332  0.16666666666666607  0.5  0.0
10.666666666666666  10.895833333333332  0.5  0.833333333333333  0.0
10.666666666666666  10.895833333333332  0.833333333333333  1.166666666666666  0.0
10.666666666666666  10.895833333333332  1.166666666666666  1.5  0.0
10.666666666666666  10.895833333333332  1.5  1.833333333333333  0.0
10.666666666666666  10.895833333333332  1.833333333333333  2.166666666666666  0.0
10.666666666666666  10.895833333333332  2.166666666666666  2.5  0.0
10.895833333333332  11.125  -5.5  -5.166666666666667  0.0
10.895833333333332  11.125  -5.166666666666667  -4.833333333333333  0.0
10.895833333333332  11.125  -4.833333333333333  -4.5  0.0
10.895833333333332  11.125  -4.5  -4.166666666666667  0.0
10.895833333333332  11.125  -4.166666666666667  -3.8333333333333335  0.0
10.895833333333332  11.125  -3.8333333333333335  -3.5  0.0
10.895833333333332  11.125  -3.5  -3.166666666666667  0.0
10.895833333333332  11.125  -3.166666666666667  -2.8333333333333335  0.0
10.895833333333332  11.125  -2.8333333333333335  -2.5  0.0
10.895833333333332  11.125  -2.5  -2.166666666666667  0.0
10.895833333333332  11.125  -2.166666666666667  -1.8333333333333335  0.0
10.895833333333332  11.125  -1.8333333333333335  -1.5  0.0
10.895833333333332  11.125  -1.5  -1.166666666666667  0.0
10.895833333333332  11.125  -1.166666666666667  -0.8333333333333339  0.0
10.895833333333332  11.125  -0.8333333333333339  -0.5  0.0
10.895833333333332  11.125  -0.5  -0.16666666666666696  0.0
10.895833333333332  11.125  -0.16666666666666696  0.16666666666666607  0.0
10.895833333333332  11.125  0.16666666666666607  0.5  0.0
10.895833333333332  11.125  0.5  0.833333333333333  0.0
10.895833333333332  11.125  0.833333333333333  1.166666666666666  0.0
10.895833333333332  11.125  1.166666666666666  1.5  0.0
10.895833333333332  11.125  1.5  1.833333333333333  0.0
10.895833333333332  11.125  1.833333333333333  2.166666666666666  0.0
10.895833333333332  11.125  2.166666666666666  2.5  0.0
11.125  11.354166666666666  -5.5  -5.166666666666667  0.0
11.125  11.354166666666666  -5.166666666666667  -4.833333333333333  0.0
11.125  11.354166666666666  -4.833333333333333  -4.5  0.0
11.125  11.354166666666666  -4.5  -4.166666666666667  0.0
11.125  11.354166666666666  -4.166666666666667  -3.8333333333333335  0.0
11.125  11.354166666666666  -3.8333333333333335  -3.5  0.0
11.125  11.354166666666666  -3.5  -3.166666666666667  0.0
11.125  11.354166666666666  -3.166666666666667  -2.8333333333333335  0.0
11.125  11.354166666666666  -2.8333333333333335  -2.5  0.0
11.125  11.354166666666666  -2.5  -2.166666666666667  0.0
11.125  11.354166666666666  -2.166666666666667  -1.8333333333333335  0.0
11.125  11.354166666666666  -1.8333333333333335  -1.5  0.0
11.125  11.354166666666666  -1.5  -1.166666666666667  0.0
11.125  11.354166666666666  -1.166666666666667  -0.8333333333333339  0.0
11.125  11.354166666666666  -0.8333333333333339  -0.5  0.0
11.125  11.354166666666666  -0.5  -0.16666666666666696  0.0
11.125  11.354166666666666  -0.16666666666666696  0.16666666666666607  0.0
11.125  11.354166666666666  0.16666666666666607  0.5  0.0
11.125  11.354166666666666  0.5  0.833333333333333  0.0
11.125  11.354166666666666  0.833333333333333  1.166666666666666  0.0
11.125  11.354166666666666  1.166666666666666  1.5  0.0
11.125  11.354166666666666  1.5  1.833333333333333  0.0
11.125  11.354166666666666  1.833333333333333  2.166666666666666  0.0
11.125  11.354166666666666  2.166666666666666  2.5  0.0
11.354166666666666  11.583333333333332  -5.5  -5.166666666666667  0.0
11.354166666666666  11.583333333333332  -5.166666666666667  -4.833333333333333  0.0
11.354166666666666  11.583333333333332  -4.833333333333333  -4.5  0.0
11.354166666666666  11.583333333333332  -4.5  -4.166666666666667  0.0
11.354166666666666  11.583333333333332  -4.166666666666667  -3.8333333333333335  0.0
11.354166666666666  11.583333333333332  -3.8333333333333335  -3.5  0.0
11.354166666666666  11.583333333333332  -3.5  -3.166666666666667  0.0
11.354166666666666  11.583333333333332  -3.166666666666667  -2.8333333333333335  0.0
11.354166666666666  11.583333333333332  -2.8333333333333335  -2.5  0.0
11.354166666666666  11.583333333333332  -2.5  -2.166666666666667  0.0
11.354166666666666  11.583333333333332  -2.166666666666667  -1.8333333333333335  0.0
11.354166666666666  11.583333333333332  -1.8333333333333335  -1.5  0.0
11.354166666666666  11.583333333333332  -1.5  -1.166666666666667  0.0
11.354166666666666  11.583333333333332  -1.166666666666667  -0.8333333333333339  0.0
11.354166666666666  11.583333333333332  -0.8333333333333339  -0.5  0.0
11.354166666666666  11.583333333333332  -0.5  -0.16666666666666696  0.0
11.354166666666666  11.583333333333332  -0.16666666666666696  0.16666666666666607  0.0
11.354166666666666  11.583333333333332  0.16666666666666607  0.5  0.0
11.354166666666666  11.583333333333332  0.5  0.833333333333333  0.0
11.354166666666666  11.583333333333332  0.833333333333333  1.166666666666666  0.0
11.354166666666666  11.583333333333332  1.166666666666666  1.5  0.0
11.354166666666666  11.583333333333332  1.5  1.833333333333333  0.0
11.354166666666666  11.583333333333332  1.833333333333333  2.166666666666666  0.0
11.354166666666666  11.583333333333332  2.166666666666666  2.5  0.0
11.583333333333332  11.8125  -5.5  -5.166666666666667  0.0
11.583333333333332  11.8125  -5.166666666666667  -4.833333333333333  0.0
11.583333333333332  11.8125  -4.833333333333333  -4.5  0.0
11.583333333333332  11.8125  -4.5  -4.166666666666667  0.0
11.583333333333332  11.8125  -4.166666666666667  -3.8333333333333335  0.0
11.583333333333332  11.8125  -3.8333333333333335  -3.5  0.0
11.583333333333332  11.8125  -3.5  -3.166666666666667  0.0
11.583333333333332  11.8125  -3.166666666666667  -2.8333333333333335  0.0
11.583333333333332  11.8125  -2.8333333333333335  -2.5  0.0
11.583333333333332  11.8125  -2.5  -2.166666666666667  0.0
11.583333333333332  11.8125  -2.166666666666667  -1.8333333333333335  0.0
11.583333333333332  11.8125  -1.8333333333333335  -1.5  0.0
11.583333333333332  11.8125  -1.5  -1.166666666666667  0.0
11.583333333333332  11.8125  -1.166666666666667  -0.8333333333333339  0.0
11.583333333333332  11.8125  -0.8333333333333339  -0.5  0.0
11.583333333333332  11.8125  -0.5  -0.16666666666666696  0.0
11.583333333333332  11.8125  -0.16666666666666696  0.16666666666666607  0.0
11.583333333333332  11.8125  0.16666666666666607  0.5  0.0
11.583333333333332  11.8125  0.5  0.833333333333333  0.0
11.583333333333332  11.8125  0.833333333333333  1.166666666666666  0.0
11.583333333333332  11.8125  1.166666666666666  1.5  0.0
11.583333333333332  11.8125  1.5  1.833333333333333  0.0
11.583333333333332  11.8125  1.833333333333333  2.166666666666666  0.0
11.583333333333332  11.8125  2.166666666666666  2.5  0.0
11.8125  12.041666666666666  -5.5  -5.166666666666667  0.0
11.8125  12.041666666666666  -5.166666666666667  -4.833333333333333  0.0
11.8125  12.041666666666666  -4.833333333333333  -4.5  0.0
11.8125  12.041666666666666  -4.5  -4.166666666666667  0.0
11.8125  12.041666666666666  -4.166666666666667  -3.8333333333333335  0.0
11.8125  12.041666666666666  -3.8333333333333335  -3.5  0.0
11.8125  12.041666666666666  -3.5  -3.166666666666667  0.0
11.8125  12.041666666666666  -3.166666666666667  -2.8333333333333335  0.0
11.8125  12.041666666666666  -2.8333333333333335  -2.5  0.0
11.8125  12.041666666666666  -2.5  -2.166666666666667  0.0
11.8125  12.041666666666666  -2.166666666666667  -1.8333333333333335  0.0
11.8125  12.041666666666666  -1.8333333333333335  -1.5  0.0
11.8125  12.041666666666666  -1.5  -1.166666666666667  0.0
11.8125  12.041666666666666  -1.166666666666667  -0.8333333333333339  0.0
11.8125  12.041666666666666  -0.8333333333333339  -0.5  0.0
11.8125  12.041666666666666  -0.5  -0.16666666666666696  0.0
11.8125  12.041666666666666  -0.16666666666666696  0.16666666666666607  0.0
11.8125  12.041666666666666  0.16666666666666607  0.5  0.0
11.8125  12.041666666666666  0.5  0.833333333333333  0.0
11.8125  12.041666666666666  0.833333333333333  1.166666666666666  0.0
11.8125  12.041666666666666  1.166666666666666  1.5  0.0
11.8125  12.041666666666666  1.5  1.833333333333333  0.0
11.8125  12.041666666666666  1.833333333333333  2.166666666666666  0.0
11.8125  12.041666666666666  2.166666666666666  2.5  0.0
12.041666666666666  12.270833333333332  -5.5  -5.166666666666667  0.0
12.041666666666666  12.270833333333332  -5.166666666666667  -4.833333333333333  0.0
12.041666666666666  12.270833333333332  -4.833333333333333  -4.5  0.0
12.041666666666666  12.270833333333332  -4.5  -4.166666666666667  0.0
12.041666666666666  12.270833333333332  -4.166666666666667  -3.8333333333333335  0.0
12.041666666666666  12.270833333333332  -3.8333333333333335  -3.5  0.0
12.041666666666666  12.270833333333332  -3.5  -3.166666666666667  0.0
12.041666666666666  12.270833333333332  -3.166666666666667  -2.8333333333333335  0.0
12.041666666666666  12.270833333333332  -2.8333333333333335  -2.5  0.0
12.041666666666666  12.270833333333332  -2.5  -2.166666666666667  0.0
12.041666666666666  12.270833333333332  -2.166666666666667  -1.8333333333333335  0.0
12.041666666666666  12.270833333333332  -1.8333333333333335  -1.5  0.0
12.041666666666666  12.270833333333332  -1.5  -1.166666666666667  0.0
12.041666666666666  12.270833333333332  -1.166666666666667  -0.8333333333333339  0.0
12.041666666666666  12.270833333333332  -0.8333333333333339  -0.5  0.0
12.041666666666666  12.270833333333332  -0.5  -0.16666666666666696  0.0
12.041666666666666  12.270833333333332  -0.16666666666666696  0.16666666666666607  0.0
12.041666666666666  12.270833333333332  0.16666666666666607  0.5  0.0
12.041666666666666  12.270833333333332  0.5  0.833333333333333  0.0
12.041666666666666  12.270833333333332  0.833333333333333  1.166666666666666  0.0
12.041666666666666  12.270833333333332  1.166666666666666  1.5  0.0
12.041666666666666  12.270833333333332  1.5  1.833333333333333  0.0
12.041666666666666  12.270833333333332  1.833333333333333  2.166666666666666  0.0
12.041666666666666  12.270833333333332  2.166666666666666  2.5  0.0
12.270833333333332  12.5  -5.5  -5.166666666666667  0.0
12.270833333333332  12.5  -5.166666666666667  -4.833333333333333  0.0
12.270833333333332  12.5  -4.833333333333333  -4.5  0.0
12.270833333333332  12.5  -4.5  -4.166666666666667  0.0
12.270833333333332  12.5  -4.166666666666667  -3.8333333333333335  0.0
12.270833333333332  12.5  -3.8333333333333335  -3.5  0.0
12.270833333333332  12.5  -3.5  -3.166666666666667  0.0
12.270833333333332  12.5  -3.166666666666667  -2.8333333333333335  0.0
12.270833333333332  12.5  -2.8333333333333335  -2.5  0.0
12.270833333333332  12.5  -2.5  -2.166666666666667  0.0
12.270833333333332  12.5  -2.166666666666667  -1.8333333333333335  0.0
12.270833333333332  12.5  -1.8333333333333335  -1.5  0.0
12.270833333333332  12.5  -1.5  -1.166666666666667  0.0
12.270833333333332  12.5  -1.166666666666667  -0.8333333333333339  0.0
12.270833333333332  12.5  -0.8333333333333339  -0.5  0.0
12.270833333333332  12.5  -0.5  -0.16666666666666696  0.0
12.270833333333332  12.5  -0.16666666666666696  0.16666666666666607  0.0
12.270833333333332  12.5  0.16666666666666607  0.5  0.0
12.270833333333332  12.5  0.5  0.833333333333333  0.0
12.270833333333332  12.5  0.833333333333333  1.166666666666666  0.0
12.270833333333332  12.5  1.166666666666666  1.5  0.0
12.270833333333332  12.5  1.5  1.833333333333333  0.0
12.270833333333332  12.5  1.833333333333333  2.166666666666666  0.0
12.270833333333332  12.5  2.166666666666666  2.5  0.0
